5
10
256597001 -798154528 644627286 762553 690113860 -836568298 -138247550 -247492865 828789507 938626538
88298627 666404268 -788130430 -656181178 -198014370 67105133 -423630538 792858023 265669823 -934984594
9
-648725776 265942381 102810066 989234075 -333573393 1974411 -257696406 -638762413 -297904596
-736765838 77658658 -276191433 -233558477 480979894 105494428 -487877565 629880802 -166996208
10
-536805517 651150293 -901076389 516588771 569753604 205436038 728122608 -481087584 -401783136 577655455
537206608 308240280 -259478074 638491602 948322392 -953752674 -243772073 321767605 734743295 971929208
10
-406690608 -87420705 -149703215 473562671 -471754857 919650993 -22625090 908980465 920857567 117884139
56812122 -971407884 -575604454 -595943386 565309652 269122328 593762375 7218235 591516203 -36436538
9
639748192 -472831007 443349783 343156515 -503948854 820795144 -129684627 160928221 920801764
676972513 -630640620 -510825567 353254637 376811918 -799315022 393135688 797978352 -627223596
