499814762
67836918
831298320
497406254
811388114
811931040
645508437
542135383
209198399
199025532
218732297
669762760
243598499
94975049
508938668
830251851
217427624
976320807
792563276
611541312
273266403
636150869
245941207
387684305
255694338
44039562
380116203
689180278
989024535
118517116
214280508
577870816
328933083
23220614
882221966
472808424
971075170
490459577
467294378
464129637
275780699
615324378
276865668
169947109
259101236
980806682
901453813
690376239
584837452
779269455
800969140
969019227
836051079
83969285
316208923
249849901
896344206
522945545
7157289
314843469
44667574
435451332
926319420
750416323
458359751
72694164
543504410
252669940
347141587
466219202
99961052
206245801
8383414
186031865
659390129
869961054
807524130
701998413
7398312
108472021
575463653
694699076
703356884
523203019
664833890
390844367
203047979
950569263
798801462
469896434
924341742
513671140
188697942
99708509
441822350
423299634
817296197
27646223
144883603
543919242
217779512
152945117
728539852
979209275
180496531
633843779
477784935
62135207
975740216
283182985
30029304
920762603
263875451
306483068
883627012
972271968
279655802
693160699
309596026
308101489
489337659
867188084
648942902
948889860
563688400
183419483
368120133
23579120
785730675
919516647
582062749
11900422
511809729
265224841
227335578
526994315
335234308
965411743
975895624
198162828
416869867
305364807
588197733
236712443
872494419
210951708
215930013
494105204
439705546
525113285
787878138
704714193
237292634
872026405
365579377
31492942
628776049
160077247
945628284
252418556
604763986
711978167
828522446
631172498
717863694
332993529
495553059
955106547
122393846
657751089
78575726
428616628
714094916
529362721
728157665
226583113
571603791
296415107
387026095
423134390
366353994
216454604
784765844
592524683
490390031
686090085
937655642
161587659
907855598
78495792
517427792
350703610
735790542
694943797
7460904
148625038
286082978
864695841
330501793
378023345
583857970
434802438
73994073
670305276
225631266
807996190
209752830
901255288
269396196
878047717
640026289
797031931
339832185
446465141
28612321
397966264
418185112
628863460
446764641
958409970
84577987
656039315
630232621
880861548
969966953
337209067
324901834
39417752
423355181
28212932
972241243
993108335
161651994
444709428
749457731
500051536
583919578
677711288
512182880
455211914
318239215
657012503
754117396
516269307
362263399
754322775
536608997
74118363
981264035
285107809
733451140
883821545
336096022
243042232
746519830
677098395
285947342
248000782
350070490
164828003
172668860
965041333
573715860
445958431
339734290
110668864
899425376
924595166
928503949
44999887
137904692
161735635
768778574
983079260
770363003
1553801
367287082
254804351
465925929
584159872
167671719
854863429
843202826
872810551
348610739
546347988
467886221
342606848
20488792
660923688
957630825
269109244
164827277
40453907
533899485
112640568
260755445
611977720
790665979
506196929
772489732
140847197
606996789
109435428
780057741
223079733
100777160
86705309
527070105
37295441
783645521
426408596
667175019
357913201
868500294
113652546
710519082
367629551
9170141
606826891
313387273
12186265
22456724
20485582
54819632
170276361
436575607
569429307
702743551
325330832
963591602
528918229
214866819
134164734
895225863
251434433
485530965
824948553
251426178
831260792
489568706
961471191
846760407
736783161
355984075
742036349
831468907
76578513
894658130
307185390
428110631
8386184
755868653
905798056
360452731
984446852
798245427
378615694
273258054
837195046
901586776
307974359
894801830
507012399
362968352
465152972
732707692
759250034
821196761
837927565
639960568
967605686
562852392
114744387
906522619
726115057
964157413
961868536
240540377
764789205
198110893
280570575
862826143
532729233
706839362
238267843
242748414
308096792
651004493
383675686
651734251
407252541
51234121
371656028
592387233
251132319
837786845
412537341
638987490
593367843
186243779
241243996
148458568
678033956
302952542
721813654
172058652
860962088
73476303
773548961
842240942
564621848
842973086
705665680
596596318
562579322
205734414
147015322
878047536
332029137
76421819
960822181
142509817
733390226
212469927
847118217
254508884
783773280
346929569
769972905
242653411
224676994
687157340
465752135
836658717
416433746
375133084
65305608
227243295
4019300
90434250
406693785
488493813
652615699
168082076
629018747
911720752
746007867
624469785
687067084
808369871
218756040
151426417
283115753
989692842
251612584
959636417
255983481
726717289
486538491
443631704
992246480
778810077
621157469
89651966
940126186
613306338
257847729
150143115
310951492
20019082
934556092
964734941
423858742
16750174
127251291
386689856
114922065
212934125
703681385
350597535
348677623
335273780
969391059
12405779
809350539
176712541
556826262
13469515
973955408
573785523
859690743
20182889
713947271
347492527
169500509
146679455
700396929
98759505
622933862
693659086
596266751
892647211
424191897
346412109
422385885
399581849
42466675
857825723
786831738
812249451
812249451
107887800
116774076
993303845
997009226
694601396
693456375
654641083
117660707
979781081
864206464
607598506
235206270
896007522
901684394
450842197
930338356
372685795
174086368
154646178
830957482
377418034
63260059
55516317
378579420
889556773
987952627
963278892
473829884
415122189
315517862
794765458
165842111
331684222
283325642
556052574
66196735
908082442
894187309
777204291
92172980
506230522
520447213
643624734
527247473
747652321
813760358
965515523
114421486
46507748
848230426
792444152
557658922
876439528
640776379
561107044
592008343
925593980
658215110
837128338
74412986
336687287
968483822
85415961
825562059
597878070
4862130
667381703
867828835
32681173
151417353
414998785
692862441
166874076
290813905
628777888
636974665
193146964
457819560
560588097
16069483
419349982
711551227
820379445
364822066
592201371
443490572
468798857
559307589
963038190
803301748
333242515
141112073
924604386
73436673
383500501
493429477
174753062
667167986
293332495
837288405
113813795
583182978
860622469
161238961
731592295
64068024
209292018
304841045
214696963
505902175
647444249
670558506
118966484
725114522
150250241
317044523
377387083
426546225
317826153
435017877
954590445
73635337
147484177
198181486
341246407
7346892
196904881
269865014
968474979
982463510
96710680
282962413
303633748
48721651
39863169
831847318
325970253
63778193
852281616
350736985
146746388
898916109
956720810
995174598
720783713
106845118
484844732
416314796
854914384
530787316
139872679
681612494
68501058
24176844
738621158
675542766
334485222
513418174
832187983
666489617
860709535
957959637
750068858
206915520
377871702
433786503
540054691
925687522
804992450
493716766
430530509
438317108
26763174
571180278
3705372
571215269
247894763
529573086
755546208
745514246
414026534
224436234
968923253
24644731
376851170
700806075
186250101
335548649
455292608
796762064
796754661
631245018
279854323
35140449
133732227
748808195
898989099
243925808
252881258
753312297
261720594
328679209
506612958
579472796
677665498
464101476
721345037
119900329
438540099
328816234
305382493
141775562
96858991
381787993
149390607
984432011
123735656
845918440
64440002
349526570
408119765
774128746
821029739
939172815
130642592
263066417
439333070
459052883
124754550
444214326
293630172
313658236
199318571
995851378
428121860
717438205
371824564
356385936
308168839
918395668
713115562
256285540
402912575
723781278
673258992
168208099
612411066
843777211
745304344
765438154
672858321
670774908
773847447
773847447
752267887
396260700
761208644
613032198
599825993
686220031
635041382
570824209
744912697
263481118
691956470
337773955
883973368
117286472
492149972
858800263
202235839
871455402
418758353
464755203
484515915
548026429
746241056
61503925
262453001
805658587
751181040
912032925
206249679
592949220
271609841
400601352
942219979
234078145
107692003
253065428
540913982
454673343
560213897
96779048
210521152
408597699
31973683
215545737
900523802
805811667
673302019
356814292
442616855
493359592
229517566
207956369
424682945
97404414
85218918
96423572
902363900
114221538
422789059
663525423
596819062
407290786
346631902
913817561
604870567
717177484
162269102
12243891
56534032
83070468
384562371
644731102
970385196
184627716
355242766
684914909
666079191
101423871
960986094
478203590
33429496
630690577
152592224
540556138
34715359
506561182
215000543
583165325
545899440
210152598
742683832
916514340
406519318
972291573
122244126
780825927
332267681
657128509
477625726
521311808
910039321
466962453
238414007
436961311
110524500
12280500
51021682
878588330
617948644
846543325
325823009
327152127
525572844
178314881
521595331
424906230
375210679
18966356
777830187
707923843
246608540
915521959
755270692
867791981
134910180
383713586
979147719
210721671
704913745
196417211
70034575
753104534
542368372
492360422
883211831
536422819
585212898
874569823
167218877
289849467
875621315
482942933
14536931
918727678
412524421
167726115
923420036
297440204
206146767
487299959
668451963
936843274
300852872
286286705
160182995
733377977
242338131
518095069
849196185
204731024
15588832
48877054
131857179
508572690
448792367
381246903
162502773
987508628
996710678
789756724
18781810
325793170
903565388
980605448
766872821
48227281
638164746
4006275
168059238
335056144
171042371
669330992
248833027
384991655
762098061
659832472
178281272
680428547
403172415
400011514
762622778
675963433
935374308
917228606
515126106
483724266
890473852
568394773
378377239
915186438
547097236
113087060
945504556
560292641
622892459
94138954
839237414
861559432
222951099
193927181
442942141
746159652
133182124
345613037
739295543
567268072
577648950
553011071
704626495
487618172
779947233
639095261
808840714
966464901
925319616
217193776
715342943
47216248
925858873
530071268
264075575
45178833
417932231
778290789
