330604026
294719866
298050013
323526350
204592806
330604026
250631084
279270491
395556556
412124925
279270491
311222620
214620697
-1
276852420
378218634
228990216
301868888
364575296
411897298
460286511
331886090
169093944
276281812
337820504
322421813
335606463
277542296
326378891
-1
214620697
183833066
301459521
279413916
412124925
337820504
276762578
179304628
389176529
461248204
214620697
188988049
326378891
322991523
402981808
277573242
293418660
276281812
305277817
279413916
238801541
355743560
377277010
166569056
311222620
393414375
326378891
-1
346577592
412124925
412124925
326378891
237955305
395556556
250257318
389176529
311222620
363261555
331481643
279413916
343432607
330604026
259000134
-1
-1
259000134
291696288
244339356
325092527
472123249
385062597
331886090
430658416
279413916
298945595
-1
303584012
346169158
326378891
279413916
341549671
188222566
482146149
406168195
723857718
213213022
341549671
355743560
301459521
348716448
326378891
304797460
281466182
530134757
331886090
222689229
188469556
397149779
406168195
215375061
344616831
322991523
304797460
311222620
370418983
439048794
331886090
183517397
363261555
329316300
412124925
343104993
300243267
377277010
330604026
75877657
127026843
305277817
384121845
326378891
279270491
394244553
375316167
279074995
-1
379141348
406459841
259000134
401470116
361728444
283688459
361728444
311222620
331886090
277542296
337820504
401470116
356939541
315827526
379141348
259000134
164277460
341549671
277542296
330604026
330604026
176816378
341549671
411897298
323526350
389176529
331886090
375316167
322421813
395556556
326378891
200798703
86764264
259000134
259000134
-1
461314488
356198380
408713310
587049530
444906510
328580325
279413916
305108531
259661129
742076374
330604026
279413916
-1
363261555
311222620
412124925
393414375
249138551
325923228
-1
335606463
293418660
233574519
311222620
350222281
248194385
311222620
379214843
326378891
328580325
315827526
250257318
295332462
331886090
92394753
214620697
401470116
331886090
326378891
412124925
311222620
330604026
181960105
276762578
322421813
346577592
176423198
206818426
368697358
423209985
267475271
448313388
435364417
450461706
311222620
351624909
346577592
-1
176816378
472123249
-1
311222620
395556556
-1
377277010
389176529
326378891
315827526
328580325
173514378
311222620
331886090
279413916
325923228
250631084
379055494
304797460
301868888
348716448
268630761
283485650
377277010
326378891
325923228
209343305
118262346
311222620
325923228
311222620
412124925
388043028
311222620
311222620
242222312
200874401
315827526
326378891
409350070
431530791
361728444
242222312
412248131
253428813
364806957
329316300
325092527
276852420
359734853
331886090
213213022
188222566
311222620
301835504
361728444
175157167
401470116
331886090
302566508
-1
331886090
312376165
331886090
323526350
406459841
279270491
326378891
314664586
394244553
188222566
389176529
406459841
279270491
326378891
540256948
346577592
311222620
314664586
276762578
240486947
298050013
368697358
277542296
187502249
214620697
394244553
-1
444906510
276762578
311222620
-1
295332462
346169158
279413916
191008720
402981808
598682493
346577592
326378891
276812419
429933629
285346434
306090533
213213022
330604026
348716448
326378891
259000134
326378891
439735330
233574519
326378891
118832158
331886090
301868888
377277010
748746524
229421893
117031532
306654645
279413916
280914212
412393223
331886090
-1
291696288
364806957
311222620
277542296
242222312
450461706
322991523
346169158
311222620
-1
489809533
565845071
465779013
195031243
377277010
297965169
218267950
389760399
214620697
384121845
-1
-1
311222620
331886090
330604026
-1
395556556
666927372
-1
84080943
346577592
311222620
331886090
279413916
375823337
293418660
311222620
384121845
250361488
259000134
311222620
311222620
325923228
-1
326378891
311222620
305277817
325923228
311222620
603670266
365001275
-1
242202987
191008720
395556556
233574519
73432959
598682493
312376165
247345041
401470116
-1
-1
0
176816378
395556556
209343305
377277010
311222620
279270491
106687597
326378891
311222620
276762578
311222620
401470116
301868888
197050939
250631084
314664586
659446325
237955305
290991228
395527828
298050013
259000134
406459841
346577592
331886090
301835504
311222620
280914212
263065698
368697358
346577592
311222620
-1
411897298
301868888
283485650
311222620
279270491
598682493
272760809
406168195
461314488
279413916
298308719
301835504
247345041
565845071
406459841
259000134
304797460
389176529
214620697
279413916
139492305
346577592
293418660
349031601
346577592
306654645
301868888
398879998
377277010
326378891
311222620
542689045
283485650
249138551
311222620
224454815
277542296
385062597
311222620
261445494
311222620
277542296
495532142
339603193
408954548
402594605
329326952
298050013
248194385
412124925
330604026
472123249
409350070
326378891
355743560
-1
346169158
393414375
276762578
325923228
543211327
335606463
375823337
364575296
439048794
379141348
381842876
277542296
581278112
259000134
341549671
284254401
326378891
355250194
277542296
197324159
331886090
363001069
325923228
331886090
-1
301835504
250257318
259000134
346577592
308835142
326378891
325844317
355743560
-1
603670266
279074995
331886090
242202987
429933629
311222620
330604026
173514378
191008720
331886090
412124925
330604026
184032928
268968008
301868888
315827526
346577592
326378891
276812419
279074995
461248204
295332462
415274043
406168195
298050013
279413916
204151962
429933629
335606463
378218634
337820504
326378891
395556556
-1
276812419
326378891
330604026
395527828
365001275
379141348
359734853
375505381
283485650
459012446
412124925
213213022
306090533
360778815
341549671
331886090
298050013
139492305
435153918
259000134
315827526
301868888
439048794
291018301
395556556
401470116
406168195
326378891
272565708
325923228
666927372
412124925
304797460
316878748
259000134
-1
346577592
344138577
311222620
406168195
450461706
-1
330604026
279413916
359734853
412248131
250257318
559726003
406335378
198077714
379141348
281463887
-1
213213022
326378891
-1
406459841
326378891
375316167
326378891
277542296
331481643
-1
229421893
305277817
406168195
375823337
144090862
233574519
228990216
311222620
279413916
311222620
439048794
431530791
243816929
283688459
325923228
273588381
268968008
412124925
326378891
384292569
259000134
164531378
326378891
406269750
291230544
279413916
-1
341549671
311222620
412124925
285076880
306654645
394244553
395556556
465779013
412124925
361728444
311222620
709664940
326378891
311222620
346808042
311759376
431530791
259000134
247024477
311222620
320692773
-1
350700455
401470116
324992889
277542296
242222312
322421813
322421813
331886090
176423198
322421813
306654645
408713310
351630632
259000134
326378891
277542296
276762578
-1
325092527
279074995
326378891
277542296
311222620
325923228
298050013
361728444
412248131
311222620
341549671
83913536
242222312
291230544
221809286
322421813
218617031
611472243
179855888
228100793
283485650
301868888
325092527
430926657
326378891
301835504
218617031
354263368
279413916
225481874
349031601
335606463
330604026
250257318
409350070
337820504
311222620
326378891
281466182
439735330
305277817
311222620
472226943
363261555
472123249
331886090
279413916
346577592
301868888
298050013
346577592
365001275
268007736
311222620
406168195
346169158
325092527
-1
350852988
0
338007733
279342089
303584012
436721040
316160194
375316167
677345613
200874401
360778815
291696288
-1
320956183
95858861
240486947
351926933
349031601
331886090
354263368
365001275
311222620
326378891
-1
276812419
283485650
250257318
326378891
279413916
454440004
259000134
326378891
311222620
279413916
337820504
250257318
395556556
363261555
200494130
363261555
341549671
326378891
-1
326378891
522624276
335606463
276762578
311222620
331886090
389176529
389176529
-1
259000134
401470116
331886090
330604026
311222620
465779013
279270491
325092527
-1
304797460
298050013
237955305
325092527
377277010
406335378
291230544
306654645
283485650
341549671
277542296
259000134
214620697
431530791
363261555
279413916
295332462
279413916
326378891
375505381
341549671
14681476
320692773
225018803
432157300
622871260
430926657
461314488
259000134
412248131
206086881
350852988
364575296
412124925
311222620
465779013
365001275
326378891
259000134
311222620
389176529
311222620
346169158
311222620
406459841
261183988
250257318
247024477
473278469
461314488
326378891
346169158
412124925
214620697
395556556
204592806
295332462
264819409
445260568
363001069
214620697
287183434
301868888
429933629
304797460
249712912
291230544
406168195
406459841
429933629
311222620
395527828
326378891
439048794
686187890
363261555
445260568
659446325
341785625
121868266
268007736
379141348
311222620
-1
363702140
311222620
100670839
259000134
301868888
325923228
44127712
166569056
279074995
277542296
188222566
279413916
377277010
259000134
397220357
377277010
346577592
331886090
461248204
95858861
259000134
330604026
331481643
326378891
472123249
316160194
-1
351624909
402981808
406168195
384292569
339603193
395556556
326378891
242202987
102318022
164531378
401470116
66060470
315827526
238801541
279413916
328580325
395527828
-1
259000134
379141348
311222620
326378891
326378891
279413916
565845071
461248204
331886090
346577592
341549671
305277817
379141348
279413916
283688459
-1
284254401
324992889
247024477
331481643
330604026
326378891
389176529
308835142
224454815
363001069
472123249
346577592
331481643
279413916
363261555
412248131
412393223
326378891
283688459
346577592
331886090
315827526
259000134
214620697
213213022
311222620
-1
301868888
326378891
331886090
