1000 2000 1000
425 160 387818470
935 464 325092527
842 203 337820504
945 969 822523575
567 377 951599642
208 43 907746888
152 844 596601794
346 990 150055003
950 381 110894880
509 946 673208957
756 438 950641820
327 245 247024477
373 576 82167252
868 15 329326952
222 986 783305637
778 658 448177668
745 475 636506259
872 348 135286726
782 359 918245237
326 523 540256948
202 5 148080561
786 137 502178548
419 373 213213022
283 724 774334210
692 831 272565708
996 72 670604739
880 724 199107003
602 402 234141793
285 76 235647884
448 569 533781109
908 736 874878854
906 63 834378715
110 993 916493008
137 149 587053430
771 147 168115984
198 259 158870562
427 320 816091001
847 564 649559602
934 810 921161989
578 391 675316821
793 16 380943748
70 7 252878124
206 13 846422528
608 366 419740895
526 276 181350178
337 760 651412715
756 142 116921036
922 731 29584513
757 577 507856817
896 780 443432011
95 188 245302606
6 569 571889314
469 814 609395550
411 305 666250354
588 302 747456842
23 56 305277817
157 381 602843409
670 191 3549059
20 242 775816011
208 522 300243267
141 435 375505381
591 120 936061802
619 39 222750700
513 135 858752028
409 268 270217034
57 731 565845071
150 948 482302889
389 733 829153560
386 622 138205470
663 395 762333515
813 376 340280756
905 320 746886980
15 146 715253295
303 284 832224486
564 420 787102521
956 521 329316300
191 474 107584850
989 509 191008720
48 588 908418292
455 366 614529370
4 513 642516366
248 845 708752173
286 525 976886183
271 293 256818434
297 470 973272128
244 820 920527774
669 314 158856015
867 602 168926101
930 814 287183434
676 603 362527930
800 603 419678068
161 664 101561040
986 670 76584352
196 538 290377010
549 485 276000247
662 864 808825458
325 446 280141398
868 592 420277684
168 789 363261555
569 552 606431868
952 283 655751406
112 959 618767432
770 59 157523194
992 408 269231037
869 563 609963278
908 632 783605955
333 541 460286511
645 652 509367675
40 629 39268411
382 685 23916703
462 667 809293249
91 303 188988049
440 984 74888118
147 878 400276219
20 864 649050905
137 830 881659436
190 167 351630632
894 274 788565494
43 746 162570097
186 58 276852420
482 393 124147398
468 467 40231945
178 720 979795498
707 737 996021059
156 200 459012446
492 711 64524475
800 259 305108531
815 30 243854016
264 25 351624909
937 831 157076999
443 637 686286026
820 550 52990136
695 279 432157300
724 619 334751585
367 967 215255473
902 440 105938330
972 617 276812419
721 274 3171783
783 235 719041628
382 8 841967180
232 993 250574924
39 579 184815761
599 570 424009523
455 207 884918039
400 76 565964256
504 243 954643053
544 387 435364417
341 678 710369297
953 558 410866859
560 912 799578694
268 760 536703689
874 742 333930767
918 272 150555022
589 201 707676891
481 518 400017560
366 722 573820291
459 20 656749651
339 908 113178889
705 176 772710226
220 957 50782298
229 466 864430200
807 258 569564953
984 967 527144153
929 954 686608619
591 868 459107889
660 207 659446325
860 334 95376565
359 966 106572833
231 967 180671253
218 733 926264055
916 518 946176006
129 87 855824613
592 70 67036874
37 520 595356069
143 768 324992889
369 706 858553790
344 278 221321407
214 672 124289754
990 398 378100266
717 995 394244553
740 775 642716130
923 432 678153904
212 129 927869738
240 678 481759730
950 872 200874401
372 72 312423019
196 33 523353538
607 353 382922559
827 208 879181199
97 90 546100048
761 214 486544235
498 63 859043696
667 408 156242110
504 260 356939541
613 781 530929883
466 954 48505060
273 88 48912718
810 664 923101898
909 601 681523309
473 892 197324159
656 268 640473572
499 716 742171306
817 989 616188393
158 457 503580220
182 230 936184373
608 126 929017133
630 592 532372834
63 671 838759457
194 926 822762818
124 36 118633811
365 91 187166379
538 988 406168195
165 923 741693458
248 445 333471499
413 679 181365827
460 1 490815858
390 604 871387409
88 733 283688459
213 723 998722805
502 922 884937226
944 464 606825419
457 260 959140065
855 272 883892623
134 142 691669029
599 757 60407623
763 562 748673386
154 440 629865537
711 167 247301378
536 171 856330105
934 788 320692773
815 551 667297617
836 785 475915878
967 282 335606463
180 199 807809536
867 356 52413683
142 558 53994189
2 368 392446125
210 502 853848170
623 902 608194149
333 436 457652824
411 506 682475817
470 95 412248131
295 309 722409526
500 287 572767826
44 331 238873624
57 241 47723176
837 653 119920364
456 962 42367419
238 70 250611540
619 635 330604026
813 161 210059264
425 392 44127712
937 726 411261354
102 481 833011033
941 84 250257318
69 385 363702140
418 128 968591044
142 973 250631084
254 194 479498756
805 532 80006850
34 718 699466315
65 599 684725087
52 308 552483551
724 1 322991523
124 669 755415905
584 662 850554093
978 368 707391284
599 716 338727272
325 923 150950444
932 54 454440004
427 770 431530791
132 72 938276206
426 858 630518116
984 105 311759376
807 571 291018301
416 743 896275278
499 608 511395018
627 355 68917715
546 252 216992340
380 980 25973795
108 344 629210805
332 274 252367577
201 941 147768054
670 788 992392860
742 152 944353024
964 713 960260305
478 849 697633302
969 77 31426799
260 736 649302448
711 38 950356111
264 8 918009162
569 311 107651611
152 576 2777045
104 319 308835142
965 453 75877657
12 47 583398466
608 371 485564211
862 671 627903670
315 12 164531378
33 175 218617031
483 688 943350413
50 962 495980851
557 957 923762962
477 648 153194537
123 534 913780656
237 9 541012166
487 498 285346434
756 294 497036732
145 37 986434650
882 120 702266674
876 984 453840764
797 480 891751564
843 129 729896640
960 604 161880568
852 914 355743560
856 445 377277010
647 719 370196382
653 793 424370353
376 603 82204704
824 286 103163651
497 148 67602831
453 2 202719520
472 17 378218634
678 161 966525896
871 294 221485439
470 646 397934658
920 434 406274270
479 871 798367413
114 36 250554919
81 762 782530439
755 582 261445494
678 994 295332462
836 161 626244071
151 917 447318082
426 397 765160026
77 980 758899306
208 346 966252968
383 208 630673005
217 141 678211204
419 318 412030701
90 364 445138825
719 930 103073888
629 810 361704100
491 316 682502341
496 789 404844607
924 981 113179345
550 170 313763911
556 986 838373930
271 637 859506912
440 335 381782992
998 944 841443067
688 498 198077714
880 301 188222566
105 16 20054245
182 678 281463887
82 619 919965307
746 559 236687014
96 459 273588381
555 782 341549671
537 777 566410791
354 493 765988135
12 532 872812929
634 256 144571309
968 271 742273923
50 942 37795960
208 662 533380496
238 43 370960096
108 332 473075394
300 308 350700455
74 535 650799365
218 579 985800355
841 244 399086749
122 878 558302108
986 630 359734853
282 375 568810507
119 993 492120025
833 775 841941363
772 27 120444748
734 373 541839089
312 499 893265961
720 785 700321116
392 56 594179379
395 270 39816035
417 12 898362962
520 111 22830237
965 800 311222620
793 300 289513484
14 184 266590871
218 655 587049530
406 213 414516822
354 269 462231434
463 102 763021822
51 590 315827526
510 298 82659715
935 711 589107918
727 445 993953298
562 861 92823640
225 629 313989257
377 491 499953077
64 786 712853503
843 69 756636812
886 567 194390496
221 96 804757176
850 376 161296674
852 401 102518739
267 807 486602913
236 867 268630761
507 808 862301047
956 683 801366077
789 100 274018854
624 957 192149763
136 920 716683921
832 375 171968073
217 518 695541150
646 839 95525491
448 944 297758627
892 316 354079048
350 690 157650959
782 499 610730201
580 390 379214843
880 28 431858178
944 402 465242009
154 384 35078891
504 420 924490971
110 222 275433621
910 386 552540615
444 231 436721040
908 383 856128126
219 558 489179102
302 654 972174170
169 84 157291543
385 37 923226757
391 396 183833066
343 668 165855243
582 173 2823387
25 361 489606726
945 804 406269750
757 218 127026843
915 904 3943203
991 118 855885146
790 446 815957228
672 253 87669390
858 716 844310167
64 520 695951208
827 188 103373225
435 196 608425337
310 722 603309835
939 1000 844365001
883 628 803487042
376 807 635534384
686 979 83334144
881 961 757692534
339 640 443487719
496 130 796077966
849 605 240224143
62 586 745275216
129 483 372504574
614 399 21096747
616 822 827830544
237 949 909066475
297 602 736292087
317 725 803177147
48 345 69773804
656 520 840052447
196 675 165034740
56 845 370418983
412 470 55784956
208 137 718439111
800 528 90714924
953 722 487830853
597 382 61963618
353 335 649112482
422 115 623197991
693 238 753415184
636 542 592150655
628 959 461314488
135 84 966225221
504 593 825851831
57 363 963866989
929 692 555978084
960 735 518561016
369 445 575788938
59 27 538185506
781 136 192631098
298 144 454294759
561 680 443398204
889 688 483374406
513 97 888850026
449 307 364806957
169 647 972318865
724 453 530480179
374 644 941200070
868 591 139492305
192 485 186601382
166 362 593908275
949 911 75059646
29 477 902294869
397 512 602828475
470 789 704871234
776 287 580932211
254 318 780685780
787 957 933867340
410 529 904666778
291 941 249712912
761 592 458466864
559 535 807715234
45 615 726333582
748 450 118262346
66 482 13578597
496 119 138806400
975 618 145802266
281 347 249899560
61 919 356198380
227 214 38616148
515 744 807638513
230 886 830017560
4 557 967859097
690 352 596067259
973 716 545923401
893 565 722183399
411 684 916892097
120 335 618889869
849 206 698206664
742 458 209812762
770 35 268007736
247 526 301014263
587 7 762162659
386 357 734982983
402 717 512650095
889 138 726784111
517 78 621792526
475 42 406335378
259 588 557433734
70 687 179855888
712 464 111280542
372 621 948574392
289 308 644502205
131 879 873197296
78 911 586311952
904 458 434485234
312 777 648371006
420 245 759263753
488 819 390840349
910 227 67043898
873 331 590538699
390 745 9141602
208 753 685572506
900 722 679988568
658 572 555137583
573 186 472828293
22 334 36051417
27 9 345846554
346 637 302566508
926 3 447696308
683 62 803403525
896 946 518655308
875 281 810322313
197 707 455218078
565 864 542689045
192 944 777330838
849 562 447557487
569 517 105099400
982 426 805888210
693 113 810276063
49 960 517170050
436 415 585788202
61 254 791365862
982 292 503139500
484 433 198447121
49 306 536605566
803 569 591483965
19 158 82668041
917 305 832353285
986 995 175852416
691 278 789902852
345 717 272760809
460 39 162205193
98 771 559726003
194 712 756518508
679 226 325923228
470 967 670456529
172 181 657552077
514 588 1803843
389 905 5143894
986 769 992118872
109 995 331414454
710 117 48782200
971 247 850494475
287 631 152709240
657 665 615371418
792 848 972230353
677 967 864321505
311 369 484847646
684 840 520266890
522 884 633609424
577 676 263864688
78 990 365001275
686 607 301459521
889 648 169093944
188 132 862318452
316 780 903099014
340 520 813335500
869 396 25696704
347 559 920860832
46 155 477639976
607 440 134138687
80 978 664077917
691 713 851809041
42 824 508843870
900 1000 645784004
774 682 708897140
695 189 625231234
467 801 860951346
339 401 375823337
974 244 644589006
567 220 793975319
229 608 508188910
279 642 174401653
440 8 984087786
580 712 399414323
511 958 261183988
702 719 195031243
595 507 135594400
337 573 64413640
882 474 134611650
67 677 480585503
623 130 897895673
980 823 747257029
107 763 54839039
753 821 429933629
447 996 177779066
556 590 360750554
267 342 521961487
911 488 928651579
690 431 499540881
352 367 738065589
288 522 460005313
249 348 585477800
21 587 608659722
384 216 751344455
125 73 164277460
186 158 27288830
83 455 393414375
768 788 488086177
593 531 166535877
455 699 978830216
588 707 405852253
208 416 603670266
121 272 178645470
665 922 242202987
692 534 234104049
431 677 114029488
953 691 748746524
98 905 482077569
371 397 115420721
89 903 541583900
874 513 623953381
920 986 619355305
820 289 713198979
188 394 950762694
579 979 714506441
794 882 684824205
676 527 485223594
765 27 657848612
261 104 571404110
922 26 892786352
872 435 759494528
466 678 395274552
229 589 902403616
52 85 766805493
610 664 287141186
191 330 526624228
369 509 166569056
435 907 218633029
250 577 267475271
995 120 515715504
775 647 82395138
699 249 66060470
901 985 788070020
321 981 65720840
475 918 559006930
680 553 804400213
546 932 123593290
429 6 517330413
576 949 123081718
305 597 924332381
621 378 416831342
85 353 853853302
241 455 622818376
645 21 200494130
212 683 127591328
196 833 400623964
454 140 862522781
797 633 57812634
205 430 494683238
6 503 698645741
285 51 931158099
624 999 824367528
900 368 880488962
231 982 698331814
980 163 804416428
388 577 832966058
466 340 377482781
985 454 607405135
481 405 379055494
649 598 346808042
291 174 74652577
979 896 858093023
696 836 564095314
802 26 365245257
346 811 724816413
476 400 779656830
436 431 452952361
228 166 731381525
82 545 709664940
982 354 381150806
994 32 529127742
33 683 741527404
956 162 634094630
279 400 683144097
201 86 688916886
839 521 206403978
121 842 920130384
323 322 762236727
821 317 666196981
279 566 698185425
541 297 4662887
218 265 502399781
42 213 173808585
685 414 106687597
933 374 980339459
539 19 800166605
253 707 735192570
262 843 817867760
470 684 280914212
712 636 95858861
832 536 220089361
909 489 141847528
973 692 183525977
569 151 460918581
143 944 941564534
428 740 689028726
302 289 907954668
703 320 723530380
622 174 472123249
583 53 45576176
39 886 780902959
943 57 796521838
542 117 244339356
84 406 842777624
719 624 365931048
38 825 100670839
826 88 15029774
188 22 843845946
362 499 817654542
747 103 551614573
203 849 205731943
155 301 224454815
390 559 491780540
896 475 907114601
265 770 968160238
797 802 67793131
236 907 429445645
885 405 349031601
609 877 644738076
257 543 229040313
518 678 412393223
693 518 649605112
410 589 62625388
114 851 490407814
863 246 466544198
165 779 707942373
880 308 188511674
150 338 762866771
889 355 47788834
655 744 592210307
698 915 991219838
284 763 645671716
430 181 575077479
523 278 391111325
23 67 415274043
212 690 414899666
96 722 944695234
435 10 940895341
868 303 106125011
801 319 563334994
794 720 140494017
832 365 279270491
24 901 854231309
156 45 483306547
451 311 881873920
624 939 821222744
480 919 253428813
132 183 549871027
433 102 53043557
796 573 612197422
805 83 611472243
456 217 145339267
973 881 828715320
323 984 350340246
679 918 185312779
228 261 136634810
470 403 894699288
476 681 419350890
287 895 765251932
385 177 145042440
219 101 73432959
50 563 44012088
147 831 610366209
180 262 962689803
343 262 326590838
485 489 26068541
366 972 673132527
392 596 4861975
693 981 333087922
975 50 406459841
836 512 861448337
349 2 872949305
70 21 127408939
345 621 152053340
100 877 824268952
994 547 762650443
418 388 938954759
331 781 545883285
934 292 888222487
321 429 430658416
14 743 578939991
403 570 16365759
770 40 954640399
536 305 534880417
606 833 572394061
92 873 808584299
42 738 102457327
674 299 745761476
941 555 45796393
544 108 847560887
629 485 465779013
881 979 809726754
146 441 85868059
315 427 249138551
198 583 436528349
479 638 124236980
334 343 321248999
761 209 82522303
360 334 119231618
270 110 760201460
612 145 502461
617 441 117442223
610 49 15882535
411 827 370810547
690 982 111573264
609 842 445123877
825 445 690214885
735 947 533922520
736 553 863962097
917 644 479360751
146 569 142265203
808 248 878681699
4 83 884514888
688 293 660113499
73 285 461689389
127 428 445260568
555 507 152932390
52 387 587626397
200 257 765795408
173 37 494675554
742 547 316651467
577 523 27687348
459 945 668953822
486 10 47915969
71 892 151597717
999 954 89108472
334 963 414824547
909 100 703731518
484 903 478100376
486 313 292913093
844 770 27670605
110 228 648048890
958 147 711361758
179 137 812872345
704 149 472911145
454 587 992124654
174 635 571807636
125 168 206086881
506 956 60483757
994 742 323984789
555 320 751240151
484 306 592965839
673 316 34322232
158 607 850280905
512 732 789038391
323 250 209971993
206 756 559080025
164 648 271344474
104 296 223812729
405 231 413042949
489 115 366099712
237 537 388043028
137 925 762311688
378 88 647920202
492 920 696990473
520 591 59098543
353 433 70241066
771 496 757546478
808 949 662287114
729 603 240486947
476 100 754762328
912 873 555139853
614 876 207032531
419 799 221809286
332 551 191659196
712 653 670754330
882 865 765899834
668 794 925405857
194 994 236966633
434 985 150337031
790 618 426962279
95 296 440281601
273 648 148285121
928 204 193337930
990 367 403029899
733 190 863291663
115 251 201605998
242 381 148960183
201 777 713646287
578 122 430926657
180 501 158133817
169 459 76019449
575 593 713026492
994 978 146751558
276 309 610891521
433 429 723879049
463 558 64262016
877 705 964342512
529 334 49440099
79 640 839440624
510 658 513441142
975 543 757673605
383 823 218267950
218 778 556541175
51 21 159001284
418 44 682855278
923 43 518341499
198 595 529155886
424 536 204163203
209 322 397149779
640 590 445621502
214 25 890930467
9 665 842415177
650 828 576933228
603 106 591447468
419 842 63013651
742 507 461273006
574 109 54219826
474 504 991021417
58 461 859813825
60 22 585018943
132 575 600971422
366 567 506541782
928 3 448313388
532 318 946202186
110 274 852686171
336 850 353015266
890 269 855140633
695 503 582945132
399 618 243816929
904 501 616048431
528 771 440747999
16 608 450461706
845 600 992446839
585 548 139161063
587 599 34257823
571 175 671314604
210 224 381842876
928 877 408954548
397 851 276281812
940 455 395556556
225 448 602766777
444 422 7184794
737 540 413855642
595 723 484187472
248 620 119165231
775 989 34465933
807 149 283405525
18 613 907364015
263 507 432649514
903 56 420407302
514 126 813603005
578 728 368845692
256 902 373780431
598 826 834157493
168 816 98917996
826 653 279342089
684 421 859986248
719 148 661971521
102 615 889733095
984 321 695712058
945 801 306206435
603 610 966769488
668 401 385311757
304 177 848518403
125 214 118343575
459 99 126910957
583 470 663000745
98 324 857906124
63 68 216290920
476 693 461248204
404 49 723857718
288 68 320956183
212 167 750262834
728 790 215375061
775 518 689860264
81 996 784957438
593 323 874477572
890 500 1398333
728 289 6763751
825 376 688419958
710 224 421673561
166 258 684406798
413 925 64817366
841 971 314534610
360 158 176816378
538 274 889005724
522 29 617594072
680 972 607043611
861 288 420695025
681 468 15634881
319 834 426674163
32 583 199307154
865 636 378976862
451 154 611597185
948 775 99601092
212 209 759913215
230 238 748451472
690 886 346577592
816 804 453018883
478 950 820296854
937 808 698296377
606 915 587431722
564 356 103889644
825 118 824287616
791 479 899360636
880 510 144090862
350 451 321926728
911 881 562305139
931 306 659568472
96 1000 528566971
190 735 640154031
770 315 843206046
328 872 935621367
196 44 18548172
21 323 825775214
738 924 809039291
444 626 703869536
424 92 467859738
442 511 215125896
317 67 801235532
623 982 636240812
302 892 44356481
138 808 115427340
736 779 368469980
491 93 397220357
487 958 268968008
953 100 33374778
852 818 590882898
457 330 786881892
666 911 314664586
581 257 529675219
414 216 312376165
753 595 779661205
632 671 200798703
714 955 774592500
36 355 747705230
668 319 366089695
450 502 641672820
90 353 904748860
715 934 936309547
857 963 913770201
253 813 893454193
130 640 54167486
94 581 372063525
995 976 547279123
14 552 826714657
596 225 681587720
965 83 596029451
15 813 457190400
737 218 341382326
996 308 780805528
461 8 389536753
44 239 892664491
882 307 501531442
769 243 822192376
483 124 184002788
616 333 862545032
350 292 788601472
156 225 83671908
678 500 805266849
41 817 654303798
795 423 689940663
712 273 995445664
993 913 797333911
444 97 919205823
299 925 817467120
884 53 836582199
291 432 531013968
105 949 699465831
542 714 882953289
763 69 754416586
61 113 412124925
73 819 636210975
416 380 786473758
525 277 16304504
76 141 93359124
732 893 554526190
9 326 892462015
31 739 524895155
771 397 173879328
446 192 948715521
49 222 113563383
229 923 169933661
470 7 402239169
460 137 690452452
712 265 851859726
554 688 149878657
197 917 749191212
561 759 209343305
154 947 908089908
859 370 872565105
24 781 550373331
39 567 23688803
831 40 906335697
157 426 522792786
530 779 150126774
834 341 343104993
570 983 514499146
640 201 168408503
238 7 803468240
693 35 127839544
674 38 235937098
803 905 849784045
97 121 707703600
236 274 881477855
342 263 169304522
717 332 147792196
92 422 293589239
500 522 253880515
144 962 711741221
736 365 787946002
542 945 188469556
643 114 922993481
303 452 658283564
313 414 902310826
473 109 896850127
91 970 475376874
788 158 669922701
658 666 688293546
931 904 716073137
162 199 622871260
77 125 812062404
77 738 882154682
849 611 259088233
530 486 439048794
437 608 389760399
594 428 114666986
182 562 12074043
644 201 298050013
308 828 749368643
826 348 674979630
425 512 947714268
246 892 232977637
774 927 901935067
624 635 694078162
148 715 903773902
377 638 158309987
370 788 130227352
461 287 328687279
280 10 97951676
647 699 214620697
940 56 768611575
836 896 264108813
310 727 415403438
302 410 441322509
333 490 23810741
654 387 231497013
565 692 426721833
694 205 321890197
982 710 760972323
623 682 893371199
816 53 395527828
113 356 401498375
737 413 474748791
479 26 573246683
915 626 948739584
179 717 145283904
397 953 914037300
464 238 778339925
440 703 354263368
286 974 436676723
937 456 708166166
528 658 47449809
288 7 76159332
518 139 870004037
863 37 413483042
357 525 305860863
774 358 123170344
643 255 809249387
964 939 294719866
590 860 114171872
841 311 398284637
329 908 78484241
547 697 409861232
684 133 564038213
589 546 346169158
627 393 333353900
513 446 350222281
442 398 451816427
126 653 107027764
367 313 592308106
785 913 812457887
644 727 961608850
517 952 965973854
388 85 870912383
369 800 70724370
620 214 238801541
913 21 972375064
101 441 246005199
277 181 641022427
294 785 205024897
409 561 424439390
958 289 413867939
989 964 293418660
846 305 15432268
964 75 970545885
21 372 291230544
359 414 19808679
927 565 787484035
208 113 881869094
483 317 139840616
688 409 646753233
643 999 742076374
598 383 592850774
684 531 793771779
918 444 802672610
448 896 84080943
600 781 609383135
46 403 648643975
710 835 524674295
174 792 690518005
358 999 797595062
455 427 788072506
185 614 924358020
38 809 906708048
327 334 836724326
21 818 473376856
5 947 616555257
20 497 668658518
233 127 808580100
396 455 837551745
374 150 677345613
224 109 680870013
43 78 269744389
1 924 730766478
680 911 597458929
851 807 105486709
453 299 411838489
967 712 998290611
249 463 121363164
591 709 432540731
751 803 385062597
746 475 626978722
957 962 576948844
268 196 212791951
307 795 750847853
546 976 691248390
371 406 301835504
419 957 52031235
968 550 943226841
417 957 116675712
187 980 691131011
837 29 107078678
771 937 389176529
704 117 941605231
401 997 643829259
60 210 702115255
857 111 481380811
461 136 384121845
730 291 843589847
239 919 291696288
838 878 194332875
169 4 820862557
343 499 936010341
967 256 714666071
822 617 458156912
576 731 118832158
182 834 266142186
34 869 232698539
627 519 45936881
235 479 84302402
349 570 228990216
446 270 355250194
326 943 806004649
679 434 853857606
361 459 409350070
836 770 348716448
650 169 708942321
814 575 572492948
304 738 325844317
93 635 822757688
684 534 32828111
770 394 818266192
372 324 28171917
226 894 935142481
282 696 865234484
299 433 622442627
318 41 556960945
852 910 905855340
368 806 471800428
706 951 691475359
352 917 481892345
336 565 373898591
278 471 528474559
848 912 584538276
268 11 343283472
12 276 639079487
594 447 341785625
649 575 591722982
523 963 243216671
224 201 24866572
916 986 758363604
36 335 250361488
111 698 176423198
28 516 462678270
420 237 204151962
313 170 402981808
397 769 121909121
177 530 686187890
204 790 316160194
949 205 61527649
940 817 436565437
637 418 935541543
915 413 916729151
618 977 191427668
89 998 236844283
74 844 804269487
644 342 133694825
58 777 529837384
658 183 692348143
532 858 98105056
511 222 536867092
642 960 510266479
810 154 635573833
563 468 733008200
540 570 338007733
247 39 533322283
25 93 435153918
137 907 12632820
292 890 267897578
364 476 344616831
196 538 229835874
129 755 556309065
56 296 440560551
815 567 654785248
903 462 84175411
433 710 487693569
418 526 351926933
65 763 155303676
737 830 888713305
953 112 722627358
682 405 622025749
987 24 928829603
841 133 522624276
827 123 37228499
768 110 819140702
637 735 497656288
460 250 284254401
225 732 108127492
690 899 323526350
168 216 772134454
147 676 914807111
845 682 423209985
715 173 522802395
599 856 7739716
23 433 50631375
48 65 281466182
577 442 349106977
111 356 554794717
788 558 279074995
82 231 121868266
306 235 360556807
893 517 716379219
800 973 639017368
88 715 228927648
391 825 585495704
860 226 184533508
570 694 214659659
475 898 269396534
87 662 185726919
363 134 799383080
350 133 777709272
370 256 222473049
934 535 364575296
471 708 921871529
739 704 76578468
291 782 728760128
129 9 384292569
31 599 190586522
563 820 298945595
756 411 459980123
663 678 409510608
590 338 982090501
244 440 618305098
745 216 805084132
63 742 437272309
420 63 277573242
945 930 197050939
834 618 846603953
696 190 192400801
652 43 858636447
923 918 237955305
814 320 633269035
282 301 62133864
806 588 470231497
239 183 956179985
818 687 222171109
601 168 949153144
154 972 64666215
653 538 705457416
64 815 877339919
481 875 357447822
738 152 401398513
869 262 408726218
787 734 474181273
603 926 580522206
48 650 308129869
426 683 64921874
796 722 1265166
193 730 339603193
823 954 375316167
156 289 27318261
956 901 202490922
414 765 240995118
304 19 953574205
140 2 229421893
566 915 331481643
674 632 694920078
828 724 500404733
361 549 857937998
132 978 543211327
731 897 472226943
99 131 316878748
903 737 976313261
225 82 928273833
76 851 444678543
585 610 941966019
161 548 874339626
206 468 95997526
811 654 669532563
65 285 792506087
78 68 633165912
577 844 871340500
224 135 391657044
215 618 385932131
946 435 178563622
387 115 588614962
702 773 30215832
382 5 343347447
214 780 636920957
786 41 309139692
252 489 640602775
797 964 883314448
247 59 384304672
231 269 818523086
333 774 829708860
978 627 454204822
712 806 564133225
731 662 718232727
565 450 631193303
970 240 512792741
65 128 696291580
747 22 834415653
772 434 10487004
813 426 165562159
626 158 222689229
639 103 368813582
209 537 639387526
26 317 495532142
502 823 161999183
865 66 638602136
50 677 173828819
752 686 918403072
935 346 97715442
235 700 696798238
753 62 359864923
224 504 118048137
563 74 572758192
84 934 443380842
829 781 786579970
632 658 458965925
630 660 168937143
714 656 987130946
613 212 322421813
376 253 4023134
709 1000 30266028
289 558 189733366
336 412 52192134
218 720 55958018
905 145 946885192
990 509 392406686
281 100 708689450
769 428 652214035
298 546 242222312
205 2 276762578
647 334 600434796
445 118 363001069
28 664 589930309
495 73 344138577
193 690 810742629
430 251 862359952
234 728 310299643
238 17 96307718
351 714 218869629
149 919 880549731
470 19 669685354
393 811 916266075
542 432 293110991
932 699 990724501
35 143 640749275
869 687 624183985
491 273 263065698
334 889 578541227
561 323 369719644
35 992 971921877
405 994 760745971
572 412 126261183
748 127 538991602
281 594 136197354
880 159 98660672
110 956 35947305
313 594 762503871
455 695 102318022
668 637 737578828
298 591 92394753
739 233 68273172
924 612 244882609
638 993 550435616
796 674 814558477
994 873 920551537
429 7 662941543
761 665 24100254
923 663 712420226
516 588 903709185
379 695 949330588
343 507 364279437
553 557 438939902
673 579 798527083
287 842 368697358
136 619 461135040
522 209 687384192
855 418 300750687
308 16 717254052
249 98 967306002
713 466 792144006
226 89 55418239
309 398 715714919
724 947 685184283
728 257 21219272
195 460 651345241
166 667 809138487
145 442 477536791
307 347 546687913
890 427 641661078
162 477 264819409
536 254 877218133
895 723 103311529
878 687 181960105
613 972 286221802
861 562 104132875
451 84 741647540
25 868 714765723
123 728 489890606
812 57 480416254
684 937 310883494
651 351 308550510
282 359 571376165
494 33 185051927
109 167 705399440
271 630 719541313
462 180 746735118
438 243 141898721
698 820 361307766
901 976 311250943
603 8 651506704
750 764 205978022
753 58 813841247
391 720 170660783
483 671 281652185
794 154 440767901
234 868 432703297
451 952 109859296
901 299 980036249
673 603 204592806
762 417 787963356
310 320 750167909
909 259 819986339
41 527 933944996
896 796 551257179
953 743 616396060
340 386 608844786
166 870 396620047
685 245 102860696
144 87 16717825
140 74 130254535
673 859 46841497
600 838 706298279
837 555 279413916
21 157 41174218
162 83 290991228
191 588 383194065
335 899 106215968
151 845 275260885
570 785 306654645
892 640 117031532
577 455 706613577
696 636 148547358
116 227 354369469
83 672 743014387
824 197 379141348
506 545 965217170
669 418 686625960
119 822 993579174
628 615 818479541
164 641 717822692
712 407 554375387
121 368 297694328
552 867 25653663
85 925 217782581
552 115 892843046
663 797 726781588
270 498 893230867
267 715 832867001
798 410 16768059
662 826 197160732
835 243 782641891
682 788 876675464
303 199 927278927
837 232 635494141
808 985 686970152
23 369 52697505
974 91 897634004
309 181 489809533
672 662 549457648
736 77 145526705
677 687 670751079
115 681 865134036
647 846 283485650
56 602 958461973
47 610 328580325
712 221 952017779
509 14 563227725
644 18 259661129
710 919 248194385
634 467 698167224
640 686 493583543
468 881 511366836
824 208 121395009
567 697 555784238
473 113 516971570
536 215 723268614
950 951 21598624
545 313 722521637
904 490 298308719
974 999 19977014
373 985 438066443
501 580 225481874
852 28 572948810
848 672 507010906
580 169 107436385
694 903 105692544
498 407 350852988
309 824 762195147
588 752 80279689
910 100 570448337
833 240 878136510
825 213 128402656
980 316 983165970
245 719 301868888
857 447 680431070
871 687 733659685
662 854 105160796
188 997 545630420
972 653 992907596
773 172 61369942
161 135 247345041
362 742 616918093
55 399 701367541
698 954 787415609
995 988 181998214
704 622 663228094
880 539 399026789
929 149 829208031
566 769 506356644
644 450 14681476
541 7 835322786
253 478 277542296
942 713 548864102
336 407 517468602
392 367 751265356
925 693 420637876
254 381 910337464
790 671 974202628
555 881 915444770
241 45 619014146
856 958 854334826
109 72 592000418
434 797 906971090
971 104 168275830
878 866 672871737
42 503 938708
580 234 874837230
293 1000 390801346
592 471 132218891
940 276 154351775
548 470 528111718
756 593 134229065
978 185 953934415
129 525 570402350
256 146 570160298
535 578 22840466
914 878 297965169
987 287 109261774
488 387 897926752
104 578 353113903
680 919 228100793
282 892 720221862
835 126 179304628
563 172 690335064
172 92 733028352
252 295 717005567
697 56 712195371
119 517 797803255
566 191 702610197
113 72 481597579
327 563 34052970
976 34 687794777
637 560 530134757
243 444 936459582
205 698 187502249
394 250 937541938
296 46 555197800
353 636 43419335
789 499 851547120
587 921 748650294
48 774 482146149
691 996 919261812
783 236 235808848
908 979 654873014
866 401 945278724
249 421 761506280
37 808 444906510
436 317 25200413
386 725 726640233
956 653 563004309
803 187 344003244
18 970 49274914
216 832 830581055
378 574 564152591
733 637 424046904
539 907 344193599
599 679 402971124
610 132 823453908
254 373 657144422
180 111 259000134
650 94 372367440
22 893 687161753
122 662 898658763
405 730 844547300
549 365 629579132
477 678 382097401
778 567 400347930
940 8 964653105
70 903 339473993
850 214 170783695
42 286 456835199
879 55 766733385
453 170 206818426
605 500 980430607
818 344 249991804
58 694 763177099
788 548 231852675
195 947 595963041
207 705 360778815
889 210 598401976
775 604 321538693
194 759 499667753
330 614 50746145
205 304 735417619
824 848 836567005
410 232 186808298
233 406 147839427
761 15 854900231
853 678 13601284
948 25 709312237
247 215 938528239
415 178 430415095
859 935 529334855
414 152 430090295
363 441 762411244
602 758 446762507
434 572 466754790
194 866 292438735
8 75 634733733
550 457 36704193
653 965 671646494
941 542 166134840
405 394 889247877
417 28 450708674
576 642 578355504
649 751 508997581
367 789 689311826
875 158 915306483
35 603 658226797
41 160 46502302
29 853 343715924
886 156 732508875
294 451 525593559
303 397 636428778
119 371 856243561
936 219 142654365
922 399 906413400
100 137 13106808
393 880 15061474
453 891 721341038
550 529 326378891
221 610 456825734
87 914 354409175
83 839 624292265
622 107 819417909
516 528 858255702
589 663 413358559
333 129 806695376
136 339 624404098
388 630 193103884
91 924 397786928
4 790 190199336
543 45 468400675
627 575 537112797
549 193 660751870
184 821 134111839
973 635 139311602
496 229 898780645
261 228 131827594
414 119 75066730
75 693 976332897
103 501 984967615
447 762 151253350
744 86 183517397
632 769 436971842
821 91 398879998
564 665 579961766
729 400 179965007
261 137 411897298
228 128 158619788
978 322 660040893
146 469 914659068
92 774 542570279
922 900 38182107
807 25 735886796
781 221 56431068
879 216 733742973
478 712 233507254
688 117 651877217
843 102 841519000
315 895 116107168
213 324 248377258
494 487 225018803
566 428 688465171
271 917 936100676
965 490 75189155
950 543 184032928
379 665 259280802
856 916 307801329
152 664 844114009
336 913 581278112
535 380 432786916
964 174 674771544
383 866 154940024
20 873 686713645
817 646 408713310
774 553 557478041
217 103 259066385
71 59 697389750
380 494 155094164
462 725 667248991
731 80 360503723
667 984 834151332
894 876 124556988
229 899 717635699
477 5 161202202
705 503 903532563
685 795 23086386
674 689 234801251
471 912 191174160
163 410 339968061
480 651 666927372
961 737 242870168
553 612 267881411
452 755 254074414
376 506 912815945
2 857 50509107
500 235 300104836
785 988 571327965
741 386 701384470
485 195 411968629
635 318 86764264
547 163 480366685
293 475 91244712
973 547 522685687
53 1 936753869
361 21 524354845
406 830 724632877
135 800 331886090
209 218 525447233
103 181 327626743
608 392 351645990
138 209 95226617
332 278 401470116
291 251 483729673
812 488 245945491
67 95 928025928
992 986 473278469
776 361 212624553
859 211 385136380
232 759 367745315
310 583 782306879
934 55 895383962
55 732 402594605
379 755 303584012
360 449 343432607
592 755 475592060
194 782 295807968
415 829 944175164
211 343 87186501
531 805 630579145
187 727 229894462
427 670 439881324
528 20 145409214
501 899 962959024
520 980 168209272
243 55 598682493
139 970 341151180
726 259 356215802
365 154 533057626
23 2 317339267
996 356 306090533
639 755 325503082
567 827 960763169
808 622 780223013
559 972 884075640
688 542 924842143
421 758 997664179
460 776 597731201
872 197 285076880
798 962 361728444
507 862 175157167
70 573 439735330
724 561 77700959
361 873 401383338
712 951 83913536
349 424 211745445
489 183 685155485
155 883 358038065
384 973 659648843
151 564 776334746
236 14 773568092
435 777 450514872
512 790 240187077
920 619 874337625
425 106 870822067
19 716 923342128
934 648 341124598
989 175 761899271
114 686 304797460
893 310 912648035
509 735 173514378
338 318 265210013
582 492 766600672
665 493 490064340
381 632 809263252
427 965 755951521
305 296 983814549
454 231 233574519
143 94 569904561
298 551 557624718
369 164 486750720
618 295 861869902
703 584 73384236
609 788 304624345
618 756 428960267
686 978 522417123
129 479 400909546
676 171
709 381
374 209
952 592
376 935
948 366
928 318
670 536
836 628
783 28
462 114
546 40
134 647
103 505
58 85
443 472
349 156
506 414
971 45
870 854
297 921
222 8
273 334
246 807
819 611
803 212
171 82
603 821
450 747
439 150
950 40
720 695
902 694
96 122
374 783
691 849
333 777
835 490
739 905
75 476
142 878
922 970
461 431
804 1
280 991
201 68
376 633
436 769
548 276
2 93
248 273
997 460
706 794
696 14
130 401
695 267
864 17
951 465
105 906
345 758
356 530
446 3
798 121
896 422
536 542
771 196
232 939
224 830
281 158
553 87
891 449
567 716
977 302
767 733
505 493
945 64
239 493
719 233
637 589
741 339
242 751
441 815
328 429
88 215
994 820
290 567
492 140
737 589
449 846
5 121
30 194
595 494
358 374
331 812
404 586
502 417
704 834
531 997
834 902
981 100
532 324
617 36
759 763
98 560
146 435
875 626
881 945
322 447
342 760
790 806
364 400
1 693
335 567
828 609
855 845
75 736
177 956
640 744
789 822
839 136
428 108
141 341
638 305
34 920
838 394
453 616
757 778
564 964
221 921
186 488
903 173
988 622
109 974
442 256
520 764
286 651
977 926
537 246
67 48
277 978
922 905
456 466
723 156
242 545
673 695
706 203
309 474
260 817
592 121
147 479
761 361
73 816
182 992
816 85
942 30
523 812
519 186
823 260
166 14
914 690
559 258
803 379
974 221
552 110
276 777
165 478
950 671
318 291
180 368
15 580
638 767
959 397
61 28
817 430
655 651
921 863
47 15
291 584
4 489
139 748
255 187
394 644
627 686
931 784
953 991
83 133
552 669
621 695
12 995
165 226
379 701
331 454
964 918
367 333
369 68
391 513
117 149
621 73
745 196
44 998
610 315
19 502
995 501
994 332
518 936
2 510
250 696
48 421
161 905
925 714
758 65
840 140
425 323
383 592
744 965
384 993
228 690
980 915
820 490
987 330
682 997
396 323
309 926
304 544
425 747
511 160
798 264
72 314
275 747
640 158
741 85
293 625
680 188
734 855
155 766
842 655
969 233
385 580
769 998
742 47
735 73
478 196
301 261
835 321
974 21
923 534
885 996
529 335
686 966
953 693
783 459
942 73
587 981
337 673
999 72
759 463
748 504
572 430
418 288
4 961
815 402
537 489
937 466
31 585
932 857
328 712
17 448
482 600
95 873
895 362
962 622
546 493
411 734
797 580
374 307
521 396
664 346
58 155
660 409
920 956
417 196
282 680
115 156
728 406
111 357
862 665
574 682
972 877
43 637
500 266
1000 613
879 253
24 303
133 671
618 616
614 403
914 642
666 742
30 752
519 282
697 739
46 330
945 737
838 231
316 943
796 350
710 421
666 26
333 229
729 948
721 342
476 631
168 148
163 731
421 484
574 347
733 465
37 541
579 2
423 699
681 764
732 861
392 589
770 889
355 989
30 10
438 423
335 983
926 211
146 869
421 62
688 894
402 594
543 842
30 636
836 476
385 490
996 595
3 360
277 573
454 220
17 642
152 897
891 506
871 457
716 488
81 691
140 380
225 130
703 871
144 420
369 297
885 734
478 128
223 9
322 239
307 642
939 78
248 204
546 832
541 596
19 1
993 95
735 856
410 661
997 309
891 812
811 909
702 119
951 655
914 899
383 210
437 603
658 896
552 781
625 796
533 434
336 109
49 287
676 956
223 158
714 944
955 802
369 625
448 836
87 354
53 785
786 154
279 126
46 329
509 633
225 396
221 863
36 348
174 867
170 247
740 173
855 590
754 689
287 446
940 84
236 728
517 85
336 391
312 416
43 660
153 268
949 831
775 201
328 844
454 868
936 101
243 600
879 665
212 640
885 752
432 784
659 299
500 678
860 337
283 940
759 138
655 993
336 187
496 570
782 245
254 923
723 635
857 162
992 585
264 274
714 563
908 773
692 490
917 666
176 120
52 325
667 83
310 4
263 872
867 480
596 399
337 105
641 47
939 406
282 123
593 541
491 482
631 31
198 354
107 259
828 938
527 261
205 468
685 603
134 889
403 744
243 328
621 209
331 481
959 577
648 537
606 640
739 25
683 142
469 812
314 894
759 317
440 129
258 728
775 101
180 641
769 298
261 335
964 77
885 689
299 114
532 294
710 435
821 277
10 737
14 645
534 196
312 864
245 484
882 723
859 651
854 155
253 392
375 751
937 48
582 842
644 707
77 973
864 26
658 193
877 385
55 753
15 961
712 18
154 719
847 491
200 250
741 125
776 786
474 278
852 953
750 139
232 985
695 667
621 74
413 716
351 132
685 352
992 339
991 971
530 777
791 482
210 622
781 253
171 913
220 777
37 458
781 250
663 56
270 961
464 141
590 473
744 521
249 991
549 592
276 101
625 811
937 704
390 130
719 202
16 622
733 104
681 503
304 552
401 134
266 162
586 416
548 858
135 134
883 138
789 586
684 537
901 323
672 735
989 471
120 161
783 416
886 988
156 636
717 958
50 409
693 226
632 331
845 325
599 441
882 509
90 267
185 861
67 77
44 387
540 18
519 192
237 564
904 586
352 958
472 891
605 817
687 57
981 747
654 767
765 972
278 584
527 51
157 310
486 78
306 362
526 882
285 366
168 245
86 200
606 996
180 624
447 249
597 207
458 228
521 736
797 748
303 800
206 264
130 912
592 413
382 211
166 736
571 471
693 415
314 551
724 760
119 630
126 831
238 855
15 955
32 847
567 114
574 131
205 998
153 379
902 141
12 495
214 657
409 12
469 425
659 225
818 527
867 162
630 307
525 827
99 315
98 705
475 374
498 477
660 306
861 126
767 867
482 287
325 863
439 418
86 215
60 702
974 27
226 516
673 344
199 566
945 764
333 454
216 56
877 331
165 908
482 356
82 772
349 21
639 672
648 25
582 204
77 415
730 895
561 618
733 59
332 923
696 96
673 958
281 112
744 592
98 434
246 618
957 723
708 380
804 530
324 860
378 224
505 507
182 594
411 880
758 613
455 197
294 251
770 345
896 284
57 192
41 402
456 752
74 547
615 545
708 555
916 712
998 649
105 334
723 891
710 477
327 772
510 53
934 104
738 750
300 374
109 827
143 922
740 816
909 949
851 517
521 154
620 404
298 999
592 613
239 896
195 817
185 492
194 302
687 45
672 726
234 333
126 465
845 935
670 712
421 998
672 58
650 463
762 121
380 565
103 171
254 95
376 350
300 678
781 950
241 932
114 278
881 799
132 384
576 571
718 805
471 327
919 980
305 516
999 119
935 79
122 608
186 881
147 587
571 591
968 584
889 676
580 373
885 410
454 127
579 127
327 169
468 776
611 908
534 954
72 148
107 542
337 489
289 402
106 595
897 243
622 539
741 580
219 445
678 403
436 805
685 521
263 975
857 314
986 559
35 724
707 919
11 549
902 163
340 637
508 745
770 407
418 526
924 540
173 835
15 173
92 476
689 204
466 221
698 933
334 872
915 207
808 183
508 911
420 679
516 712
400 106
261 940
885 610
101 271
532 584
746 77
54 142
367 157
340 508
517 111
846 642
501 653
849 923
537 491
404 54
680 229
499 327
462 928
171 662
605 682
73 501
981 751
395 830
652 471
710 743
833 182
93 679
59 766
912 322
133 134
352 252
891 152
699 78
936 475
769 898
807 792
767 351
291 490
195 650
197 261
194 523
80 673
843 115
536 387
935 240
776 275
632 383
33 565
561 325
418 694
69 720
347 1000
671 288
475 871
509 765
874 757
636 495
719 909
535 190
427 891
821 137
988 627
853 254
667 826
241 668
430 76
486 861
644 502
345 934
487 912
444 279
809 199
811 122
959 459
226 520
283 95
282 168
407 469
841 638
564 352
620 262
115 258
366 43
459 708
303 92
726 504
371 488
806 180
993 716
50 160
894 947
980 511
169 635
590 496
796 408
959 678
226 864
163 946
265 447
243 735
744 844
125 868
861 249
162 546
127 52
991 962
20 4
414 814
563 389
992 753
902 120
291 795
372 597
443 675
330 657
623 753
150 450
583 356
471 988
736 489
586 69
472 946
127 654
759 176
147 564
982 82
35 448
794 884
45 205
368 754
502 69
144 786
38 672
84 471
457 77
395 818
596 160
190 509
609 225
401 950
78 282
631 491
794 909
911 181
700 93
587 1000
607 954
506 652
468 740
528 826
432 66
578 577
761 594
660 477
83 741
822 928
764 285
140 264
843 486
833 700
299 9
193 74
437 448
388 225
679 138
695 699
895 858
581 171
463 699
17 413
673 445
930 267
397 47
351 53
754 138
624 317
884 813
53 904
177 294
449 644
653 667
241 651
884 467
646 601
643 370
383 616
531 552
208 254
619 162
536 389
297 754
567 322
143 125
563 423
318 428
487 815
968 158
149 133
56 319
155 504
216 991
741 831
434 899
471 281
66 208
743 662
188 848
875 714
449 572
511 637
440 805
488 441
72 461
457 945
857 156
911 895
125 787
627 266
563 549
67 51
925 261
