50 50 20
01111000101110010111001101100110111101011010100100
10110011101011110010111001010011011101011000000010
00111000101110101111100000001100011010010110100101
01010001001010011000000111000111110111110101111111
11011101001110011110101010000101010000100001111101
11100111000010010000001101100100000111100011100010
01100111010101101101100000001011010000110011011110
01110100010000101010001010110010011111100001111101
11111001110001001101111001010100011000101100111101
01101111111110001100111000000110101011011110000111
10100101110110010110011000101101000010011101011010
11010110100110000000100000110111101001001001011011
00100110011100001000010110100000010000000110110111
01000100001011111100010000111000001011000100110101
10101000100001000010011001010001010101011100001010
10110100011110011010001011110100111011001001001110
11110110001010100001011101010100111111110010110101
01000001100000011011100010111111110011011111101100
10100000100100011110100011101101101010110000101011
10111111001101011111010110110010011010101000101101
11101100101110111110101001011111101111001111100111
00110010111110111101100101010010010011101000110100
11101001001011101101101011000001100001101100100110
00001110100101101010110010010000010011000101101101
01001111001111111001010100100110111000001010100110
11100101011100001101110001010011001111101101101101
00111111000011000100111000000011111111111011000011
01101001010101010010111001111111000010001000100001
10100111111111010101100101101000000110010001000001
01010000100001110011010000100001011100000010111111
01100110001000110001111010011010110001010101000100
01100000110111101101111001101110101100100101110000
01011000011000111000111011001101000011001110111111
11000110101000011001110110000011111110101101000111
01110001100100110101010001011001011000101110101101
00110001101100111011101010100111101011011000010111
10111110110101100110010000000011000001100001111111
11010010101001001001111100001110111100010111010001
00001001000110101110111100100110100111010101100001
01011111000110101101101001001010001011111101010010
10101010000100001100000000011101010010111110101010
11110011010100010010011100100000011000001010011110
11110110011111111001011011111110111011101101110110
00110010100011001110110111100111011101010001110111
10101001111001001101100001111001100001010100100000
10100011010000101000001001011000001010110001010000
10000100101111110011110000010101101110101110010110
11100100100110001111000011101111110000001100000101
00100011010101000001110011101000110110110100010010
10000101111010001001100110110110000111010001101001
