47027622809
47255115415
54429051456
88947149021
215102901395
437081395287
54133806416
296325003177
47875630272
250300931017
66671012868
219290422458
52613572024
52063792955
49519397478
290531259207
47531874613
45628586567
50568122877
46859350639
292027697241
155398950570
45473606414
11626170648
50622721424
21320302580
46547528032
53002906164
51987767757
201446521202
44862344728
102983556020
51821572120
257942530873
44150322572
89766246539
152820779422
93081412678
33685633187
47198556170
17654982896
56603586629
115735450341
42333694212
144430807647
25693685843
52187665353
55444283178
48645671224
53930672370
46769564702
76344500935
50291618233
55219871993
17990710486
54657673549
44870616511
47804130210
52979996049
227751297413
163411899478
43287696514
10620208133
310466803038
39469834679
183070767971
44157591003
45822436832
137033925476
50169294953
44841569779
289668252704
39526502181
29024679467
49897104316
100812229789
371411695937
58001924560
49888112645
107031336593
250481150073
394704674398
53202586293
327315280303
104858508271
61554841033
241021519952
48772436065
50236321202
40795463564
325239596174
43977846300
252870080267
42535082673
53735332075
35867181425
46549948885
47218465981
391864079958
50223737343
298329642207
27933777605
44124214417
54667953265
281951936265
47442939205
120670765213
46473439086
49786799295
167880907649
46492979056
52453179692
47812565721
50099517803
106500320215
60817484276
78344393324
40258701876
11440507745
411951481754
106056895485
114335452778
51289986828
48219357919
303308261911
54626468948
116057488590
283581687138
53928783363
42815901918
325610033802
202630636764
246206536138
128555342007
282091339537
48743505308
218699957724
113213173603
53234940233
90422523040
50389267943
99443936511
91371453187
54929962054
25603112272
44176005841
199495311176
54633283448
45050609970
52629375367
44591991454
47733960029
143669268722
44993979069
44525229079
23806680149
48118251426
49937729447
110136381340
43966584747
46758132242
307199832045
45842964359
138134669454
34293828873
62237454333
52674256619
49166315198
50232666086
44441155994
48180859418
44919928257
44429281997
76448916982
49848775999
143178567755
46515148306
133356995319
49054649851
139020253450
45648867078
377000501030
306406672043
45684992309
50025808758
41654456772
300357256118
28770180780
191122671060
43894950601
49822811938
43094118459
177966712351
49055282677
147063981642
99680384582
18677660356
46630263411
56465234360
43114630510
73754029977
16419846585
49001434489
45402271827
53078262048
76449434883
284954346826
242972688746
44442456673
68863408291
281335542419
37218760171
44255340377
372864691954
48119808414
170790426700
49459875073
46914728024
51892053819
46242111777
46657843134
273950695048
50650480767
48078303004
49441454460
200221571378
139996117449
48088122770
225974585725
157587916986
48375763528
51852081883
218500503034
263737380004
222086747602
49128354605
292087276184
52802705508
47773631906
53506187741
74518280223
46303271775
47700673529
53145704313
45480970566
378791290844
101960687617
47133871525
46836067544
272903099446
50506266894
15705623224
43896811881
277666459226
51887280272
94197233940
49584959209
36728168280
51409056551
46015621245
128857557006
20237529430
49130965690
48579972995
345810481387
113325454501
275091228186
300014235647
122221915301
166293604736
199033763330
48811684785
50089052307
46480918675
46473075504
58332658045
44251212511
43605050951
95501832146
58611862999
42099373345
47947851671
441344359516
50910486679
53218001559
98469369273
22453319067
252982177105
41216955829
59905122817
53564284900
44905121144
49285896464
44181264287
41557193198
54177256766
41477173936
12680511706
51763189850
51768871450
222615711492
48661782108
49454153433
56048575973
51292026002
58250550385
48962939142
51722158566
18328299276
73380613342
50794574400
25942949648
168367289110
49241412147
6839855714
32145431053
136622733050
177199101448
12106487637
47138985188
130098932480
52114505427
90786304378
152979142053
56196202018
47908072689
47181461535
50474776408
181137180951
6454341852
50534207220
46198875392
102548163291
42599657573
46001655156
251446379818
51717092574
48340127997
45009482560
38812261554
46950163947
336555539845
57365443343
53831102707
42088961283
47650718710
45875958434
310069975816
337913473621
45631118535
48937603334
6593758584
52241561309
22727937338
301210467955
29743035277
111002528366
43169282996
50142053637
30982115453
287534419559
48699793051
43490801869
52932192329
95918894960
42615172869
42917612033
207320884013
71971462181
107481365426
375815689526
51961958647
237213187433
53518842292
47057518863
48513328136
44036981639
206015869847
204315525266
101781838769
141505956302
140494213532
63909753072
269797429859
43090929378
54731451058
54138323663
32858731680
82139929235
40629019431
52539821746
53025342520
49529891882
50638668749
46213447797
53174755449
236270058809
54131954466
39763725456
129855251264
71356331665
171013246949
48256535739
42943524977
84330923085
47374967489
270461298250
40671685014
48016716071
224636913766
251392661186
278182563689
47039471816
48099785085
32759977983
47290420745
105905056151
20882817421
43848859302
51835285867
94077289038
72044413425
46286504762
44464006196
160849987202
68790790800
51074766132
43510443401
351776291292
133172607744
49200617575
50344572477
51680673604
51804650864
97132624093
81799876004
44449147598
51340917133
50624163774
54733148456
257698411524
248260926972
213548528669
50361715054
52761465343
127662463989
189944374317
215020016410
44338161985
52237407371
39281211359
54457538366
305929224467
130678256117
29548659551
84457314723
55723296166
43731313029
46630473420
48774079385
53237444207
48736310958
116507314717
51389565091
47796310197
48089169484
45897355011
192574118498
57337819111
45037766610
105695636040
39807946662
75289248374
38681341717
22393130091
12785740313
386879224666
55616421640
47518278465
183396001831
187756993540
47506418616
48893103966
45772281730
74126984114
28580079941
64878659048
40871674418
241769609530
209629502443
318217022402
119537247087
66056717187
29318795260
46342944222
199441401627
178699012839
49273602541
72563562627
47473400815
