709925391
871082297
248384909
316616335
91167598
814291288
998131835
588232776
464933887
941505650
263005229
107847196
182260253
380219688
281439632
598700713
174697066
228428318
345668776
229226125
831532151
697775942
473098192
339579196
25609846
777656450
958366947
86267146
595927786
397302652
740505478
214064039
265263848
360888232
119083262
831656924
685319147
714866329
787887074
481308051
460091117
897636350
945309131
285957346
215726364
937388178
75161085
646477614
313907017
803810285
333329687
944137979
620418716
360753946
429079300
265740927
294442718
985760561
60005816
195113703
322766899
117444868
921806174
508410229
970940792
184198154
322563497
597159682
438193018
519468927
85092625
634077704
158957541
506411212
51858747
462107746
492883218
522910956
870135300
447631538
350203649
982389457
375747561
912107898
413278664
164273571
442615478
345478046
206329383
759174653
206665136
744772004
590779708
143569701
843169100
139726656
837585232
761311583
339358569
751505656
948539412
660294605
58741481
113033575
777231147
13987487
912451353
116819338
289939334
909046201
256082220
551246959
914076401
274706435
853511887
621583347
454167732
565795375
35933098
200033470
746227785
649079636
909964294
135822598
188437736
718082094
816361107
981734719
971714856
330472440
55591828
697114169
236606113
727724184
135239331
651524339
46455145
399963610
254989485
267584608
62847488
122289629
208481596
184271761
685340879
808060925
930198325
734705869
127662784
812343942
821051269
795128300
566567262
338177311
520144383
407786353
54841181
329935500
266037321
522997279
930161941
542397747
852398229
218667061
976950991
817598646
991864197
938648636
953240007
380095892
684887449
13221987
407398115
120193618
949800921
798392060
249961132
215342371
881659174
953427577
726268138
801018566
267848340
364557037
162206925
523516876
982167473
318995239
7934191
95896924
921678503
438875816
182775980
470165653
183570002
454496514
692196308
947554761
488577269
50575803
664114567
50206959
293375582
249839633
412620894
285633686
256040142
90893731
169394743
445191490
67285755
331821106
298328080
811323767
807090637
260171698
155049116
262630227
892973602
384707964
857193978
366843953
711164696
327404520
325648632
160904989
732701719
210903775
397954671
701279332
854807357
936476897
246215882
128746575
230582181
262443364
19014229
581720402
477222930
478279934
956504062
705266578
107120442
234899193
890851434
145753959
764116854
699953262
514503537
651022612
649909120
626608866
879041327
84638017
444651231
919427292
14732019
6642623
481399291
687046712
490467845
712277820
183474229
124942620
115264186
778188685
858599949
434180298
803760473
583614476
739272118
911034500
233633493
172429270
210784017
376566107
64932912
533502529
232654148
27144408
296649610
614846844
469382040
255573664
182387200
43796133
566920326
593162566
929682123
294339866
745594611
264190867
166945000
52879148
765642587
936902116
472688792
966695208
749378287
423817551
233910850
109831427
82642509
600622712
957254387
763728148
951142265
475545823
169301493
750321489
603663173
705695223
971926841
171215686
704391767
424899869
452445087
669002046
699611412
427718048
904414997
408755558
840439295
474722686
400014059
162279290
719933583
547203405
406697470
813233303
78749098
162160201
458189310
554222607
924379431
172958184
805589150
884134717
13864461
784548719
955907173
100853651
22970819
743680845
910015869
76187486
279844906
950426600
303942171
841613803
210779720
919704936
287234120
813301022
969836812
479121523
615165249
291570145
926337578
987840033
635369644
489525969
719890822
278073032
727064295
825272326
402441225
952799117
833443972
723613304
82598139
885022017
703490014
535289117
944705530
764199095
98916576
319459312
314920703
239878787
392093829
357145411
751576577
804152796
5329809
905068967
928297409
38470360
796636393
291924727
991380172
179567846
866803599
749531990
503262568
491611866
723520894
74466999
782611262
637371966
469767419
151305190
849194404
297794395
811072139
992314254
829191115
285364964
281240472
781930438
42151706
797963299
991750005
319305930
973640647
126569810
30005880
607463255
484874329
911614905
980276713
469296826
651882291
953292608
200088385
523107320
343432995
505943648
604689464
397515300
728099945
230679246
151549967
203536487
320336335
11282854
503143312
972626130
327306294
260895737
690262180
40747436
566406229
459389142
132018062
688894535
654231089
631784185
621286110
883697701
567174240
824747436
857223567
332239760
941086850
827328715
577792982
358447336
53361830
873102725
29983775
258451077
244994893
75852825
675881092
273124919
939670555
613412738
299098219
749338349
593275118
899847637
606018534
870864245
276531697
707017239
874488450
407322320
557790410
862950451
995395399
793862081
891982567
573840593
479626885
712501723
505669478
371098801
187121573
98807736
189638532
30753430
124249091
355833374
777755646
487604531
598455393
783290888
300935703
560269647
15595483
584935731
506027605
51504213
265669970
502957349
30402550
121049418
276581310
581069373
772177425
371247590
875626115
759000315
421076090
273557026
825336676
772137836
78119665
561739035
360392982
750461692
127183915
578924323
348374258
592018588
227481712
787073382
745936085
489156511
314818092
991693914
587934027
545001936
179411180
945199884
222407690
581200173
586110331
878629689
354651224
187132928
331502615
267960929
832419801
199432048
828073411
116854171
331638941
245245291
412670608
233744699
834088761
649605806
591427693
801180625
609448116
345599813
451060014
201078713
486623293
118317975
25323370
638076668
626920114
635751589
687305305
464340869
614442946
180851445
850221987
287871739
660316461
53908668
556235569
659759393
255580703
885625250
172616254
849046805
139251098
208511518
335411816
769124049
437365311
903403011
730390135
835373724
495235199
542521404
550482405
383750659
482509142
272499412
911209555
57919159
62120172
354643537
123586284
986049536
81991904
402028940
415322616
716958660
258624418
257751710
662046668
445989928
663850925
455906633
194152916
511768144
895060446
870031049
722166614
767740530
639264896
894527190
258942707
586366684
900396727
394745593
459979396
745849451
818615434
814115688
960457247
692209138
866775203
413889646
486103504
164166477
169374346
843945005
56099358
363231503
497475653
258563777
691767021
270455303
89865886
876842715
883445499
876178411
57357865
898759495
134574763
821833206
43610151
734484041
942444721
819183488
152356189
145515271
61142977
144751095
816242870
67733359
941415176
746547899
707595804
801506936
612209752
379153399
869989980
392307751
552700139
318627698
430568531
521581764
975765427
416903502
591471186
673860013
712026995
907159378
732891772
857851899
487686073
534598750
779955345
863867051
144915473
100729741
732785891
1119670
496811719
252040970
338814562
756121177
283801943
479869826
937781967
219241793
781212898
431137326
736675823
488135299
303265098
413482583
578449543
600882394
705383355
419737046
271162476
185186995
794213305
182398483
981944824
356212313
732595011
195476066
123653546
898753688
826322944
7174373
729291554
514564535
775057917
238479701
890499546
309471166
288661051
46502021
294450328
67234991
752388027
932075380
375401618
569722034
81718883
798018876
680368229
88441972
767038329
47132032
171502628
442976667
970362108
487355039
128667499
5917084
276526302
489894811
471217891
79549802
177405865
80665892
351635181
801561366
4758024
906246878
126122503
784897578
682415634
188990294
705327248
209299885
368483401
263557187
579011731
90284300
293423142
920430804
495441418
599760826
106308522
219429032
132966688
735742009
328198368
313774541
493345598
571758342
269127224
191692585
736862249
481040753
192507658
940981066
64026067
944789441
5128418
397532893
24045613
760842376
691729644
39105225
284953514
850414143
257231946
451921173
270401625
918961881
928049485
828766578
279444510
924176603
420183527
152840155
615404904
278671228
60525050
927159991
763126854
206958210
628313770
85591368
372845150
63031613
391024322
809534635
972045891
941559470
424333001
476496669
675897221
159468231
588486951
588449378
349966825
516408549
392881189
622794722
480647491
24179750
431248443
117814931
561637535
673127435
121096512
743801279
300551760
464508500
508200336
57103608
908217319
519520534
183801897
88396729
945781142
455189751
454796254
62878123
721454013
212910891
584582275
561931663
904633432
695135964
949129967
457903886
705388343
407086682
621710416
464226154
185315431
15199916
221380472
134245496
279103471
568588637
347377922
601480963
44217017
841496615
765601720
251481032
479805142
114292038
990222631
528854361
308389742
354150859
705248510
757088182
814455411
491743894
48479764
183389518
408580251
955890380
811856254
46817032
490708789
788177335
454559394
301002762
945411059
447474016
334267163
687666399
997208134
44620107
737862615
144641214
588141515
676554133
118138478
211698689
636540694
195375451
975790906
73838122
974414068
461242968
450911415
161673300
412197020
528474085
754925346
905329343
575099521
538425432
43461241
889692914
991291788
545854479
884226665
967788457
782293951
879253023
298153769
205164159
723880576
421196708
223781722
29584610
434209129
2077599
20600349
522993662
370891482
887533004
809262049
473985663
600235390
585731450
462912095
534061068
246105795
810005222
41602862
54045019
381417783
325916784
595028387
251637112
232415708
751780684
272953547
41531457
671475124
511868113
840671040
105578935
840075279
888901793
247263517
963448649
335357331
812949419
893976228
828791246
934388193
715632978
573980248
377191297
188581731
182897494
236781158
613545107
942244022
332557149
945728368
412488236
440050657
627038434
647574847
614128655
987029695
553123676
798500205
613808458
861173828
730430720
348582365
978100195
5071922
757941798
119023343
597130049
701646238
455449524
710072838
546138047
603441666
615398897
846432132
815400739
169966773
765024448
95276253
781694109
625233773
480593238
945110773
860278647
649969084
338183871
497393865
462162048
969730457
429377616
813141172
800103402
335953720
947320815
77885288
937584397
289978257
248793546
878632221
180058728
541398713
700273278
617090230
669790493
970837482
842949044
630642056
234413677
440870034
84173651
115139844
271989839
54343575
597686000
551365980
778712888
639012816
276047271
190484537
956379703
656139788
309965498
489712852
51654722
32034260
620651124
431371576
277773496
707494351
869554954
88116076
633133642
497378970
370802857
242017848
724488624
568450465
90169173
337253903
200609967
414562569
63511354
45494192
173676591
671119127
346038776
912506308
170622934
194412114
107592651
11947557
50040508
804097381
330476867
565452355
901779599
876363429
315552984
695795999
921405676
426209443
551454094
928988106
88716558
898017756
893316390
439991938
581574915
361332089
872684242
698326196
735582595
907705628
494377996
103001260
278893785
164116375
466031134
120879811
239927215
199666463
410457068
982948967
380303988
709257095
344405022
963653643
546964151
296413010
888688256
653773286
398671451
227627183
336232129
114107369
597864103
847442860
990475277
493408260
5995514
729640729
52558007
27680751
411731687
705037422
370787156
259716526
81454873
467890045
958225322
656763280
903916621
883583208
782003500
289881233
541852246
117796712
243360205
305150279
249755096
400934001
732436303
976694173
820455910
835763811
361663520
101525516
686517941
685126807
66529547
682797957
95858636
534898191
996121809
376561757
821094089
671774945
810691941
796230169
460492324
417884429
543017813
808928301
678751431
727578312
796296098
350795167
890983560
974476698
699399298
743750166
291347366
825017694
888283302
322646109
494320637
951563085
339045203
874347953
381468199
765134466
911112380
83325767
99272562
709478758
730375713
958607413
791732854
9230586
728417664
903907984
479517478
117586341
751148621
284207505
32324349
181546994
222057545
930954837
180398952
681503228
582260659
619933256
592124132
741952951
960505951
488808373
26793690
54603933
71469078
169118814
482800732
654635977
205777770
554074495
906617982
343230914
812849292
773354426
897942293
230005726
129220665
689444329
606531630
774620498
701759841
427701022
106358289
80312590
698774867
629628271
615083602
227291530
381498585
410114327
928377314
653087514
843660763
411516924
106644404
192000453
35866514
110175233
849115913
286642080
146557463
39516108
124516596
374609510
944452699
215339277
402032657
369963545
404407647
826255199
500027714
674099031
443489065
88166083
771876119
68752004
747194309
176256038
258646861
388633202
813927145
913377484
465874711
941671538
790533455
515686184
696960703
183596519
982866097
791645357
926994003
660373468
66632576
702314322
944284881
941469178
574987433
134327502
97410988
289283332
772033680
95658753
787476282
575808605
530714503
804988798
461106295
78457825
9030284
534883346
594025764
457262221
184678429
425900923
407303883
245235254
448351407
365437004
570187724
680190404
451174066
470849615
484608108
562710276
649631993
339168449
858962035
655117416
874643423
650590914
321208463
87919968
468733396
491995065
884342348
750417472
661969020
400098366
908980252
185039814
867484142
528626789
616356434
939375457
227077939
216451657
348662093
777932963
605830005
161978384
595231782
170615481
305078801
204115463
813571071
61276543
494289265
768161032
317974412
435832227
122607748
819166640
224780783
659744688
243612286
498059856
753009870
454518069
413088037
919284950
332974126
459800556
138664826
651719876
945013156
584667724
726504123
451997420
78479267
445870283
44511068
685339245
146995065
883028012
548471849
860313924
731049325
342457846
250273111
965552330
780668480
965973193
557246256
51899989
526179232
91822545
141424903
963958581
34376144
334116706
920132611
644106636
686471609
483400054
947849974
616361444
274810113
111413558
866434882
327699162
391495027
540536815
707817842
179027250
577212977
466258860
568861312
299576425
469311491
102590677
254620335
891808903
610882632
373067310
462782196
835456078
447312137
790185760
143840894
465089380
138211944
686920194
618016798
989993487
862483704
461473916
698103476
494570739
928137916
550331175
836706592
942120849
465590279
978246389
973153607
820832385
755350790
227212270
407047852
819254174
229428769
127511116
867716693
109842539
861634700
70728569
171347801
475171908
778187839
906965991
818523609
537916676
482084403
69782553
819673563
728499977
355624170
363708094
803118681
348747198
622517018
795939471
687739787
925865647
997765835
609921628
72737247
315793192
579529110
121658533
500400192
132906307
74942743
289452728
525186667
464962278
455302553
363765923
860869060
169325798
256673435
132504239
12717180
114853403
75405288
735471089
906462508
282596226
242229495
666514567
615964704
7308565
305668282
964323847
327990690
467633996
996265922
258157932
798993846
267570693
795793908
806778483
378427658
20549491
686883157
633299493
116155144
728653657
669654254
767324299
454709102
185657980
38344090
102871750
970518118
675785143
19551756
993700597
452726072
60089962
357829686
786182969
927988124
494071551
119641673
790475353
187333255
307799251
302830978
9938524
81158684
220980516
577925096
894623358
246387217
450606526
613424559
893496924
681025632
5176836
252259709
26967393
890223264
199341850
590478740
245534249
8786005
521856658
22864040
204120198
313606851
369488336
192627217
391832673
111051447
526786691
62098738
924823995
789337462
495846545
970964484
308184061
918709376
817573510
480408115
960718933
420914120
309181363
884074429
868512314
146551799
783796028
136522300
114664636
611560599
219457030
352082162
475193762
871784552
209793737
943931986
851243833
800056111
894163941
490545223
202696540
717278021
607034454
180293654
990640021
655140693
362878049
329877830
654339662
246218811
703543746
510723839
509081040
944761
99856308
962383746
927580913
76406555
126956524
253204745
623431643
119158949
353311465
23599186
384984216
341667908
275196824
75312791
240247220
632074146
210003338
64480578
589085733
14747990
178093961
909852998
345246654
29394426
439767324
425853553
225697812
445018822
31007113
98233833
603293010
813347486
473507285
899125335
894999146
571840375
140054432
108167227
506723532
383437122
687216094
430355972
294847069
194209712
152164768
731534217
621293818
20002015
338225946
311311416
829368218
903948402
36662580
311326469
906665087
728834967
42773006
80971189
187837107
271614656
581888245
281219810
358523202
852016068
373227758
260127528
246529179
462180803
962060305
355121020
101151421
918246495
913295683
139980625
164339431
541047243
326973541
286673418
641896883
951051540
812289794
950249986
102815553
753816846
383485287
13531976
826449115
330249920
715331020
379657536
973088311
764950913
177281384
912746816
508140274
386467823
334486326
784045941
49546572
96721491
297345455
35787423
977653826
279591721
132618887
965089084
479682891
31574357
346625390
296643301
967633381
369295810
63869442
64583942
332760750
864601090
381859157
336987993
524100070
747193010
385709082
542667032
956859950
100906018
418187624
508200490
742097676
740998500
7089525
439426362
52500677
604761662
194627787
254607100
747763296
345890339
138055817
783203825
266492900
607389306
549818132
937805423
460233824
566281720
402236633
815293347
46811107
337068052
951603446
815577369
150833790
973224528
979741812
888625155
627892526
549762042
689188666
781546098
554754064
387127255
965286733
90376622
99836939
839967354
547360945
206806943
705034693
178300908
763185073
741306559
754342006
424127611
993205632
885249021
64305560
835596143
54102903
156449736
119336294
152348220
112377782
781615691
643760375
98778934
744376867
641348125
80751811
857634731
757972948
380808303
461171587
103112069
638875739
740657039
476067798
353773113
338892002
379346980
336226770
670329372
412959431
76013125
571239844
774321745
907609434
923770608
886501807
837601538
853723511
535891494
629085885
952359908
46680668
318189939
934929354
205220453
517637814
233952401
539186784
988670397
655131672
459906243
794098213
969211876
281308461
365155709
240906562
439017999
286830755
358301416
544789367
941262932
757338275
69999554
64898545
451357011
842710429
529271047
118358745
922647033
348035684
443283076
205473680
228533564
87959698
911480612
583060212
141376646
9319880
432563207
709293063
850471536
703298587
60184712
830353956
96035290
760558404
961665115
801464108
34291741
440512373
296072903
900060074
590926947
635274129
468454395
95953532
94312900
346592860
592046970
8284377
785035446
546019560
277719095
438025909
62695811
857371691
930090597
584661706
736715346
630503372
141811408
574622576
243533222
133001749
925453044
401641508
997562868
348729046
70584667
95575452
517164288
641690924
85285819
70923527
155495527
149993809
74231727
919692384
329314567
973056589
448203116
850602703
634738226
876383558
252470352
322516749
404019431
133822819
326902054
158708330
793303607
36113933
911966317
252877244
933437564
125866900
513367302
422914968
706940420
381930322
233002145
226606721
360067856
378172017
171268276
615779721
522850151
12788639
300398002
379625423
776575517
692351958
900972802
388591313
836236508
166380144
886296304
651778467
390051619
510817076
703184569
327327275
681272883
216844876
280227642
426727550
133964943
466770194
203363431
397871945
763837765
797060082
335211461
334695016
68787956
21725162
323750947
810033934
410256675
773873278
37639080
967753305
458426395
468340546
608041477
685282913
414923391
859493768
100474602
418106300
723211510
713530382
154893125
97989312
943239295
353941972
752395018
367044530
32347031
271700071
194023642
602772386
876239206
836884869
848098166
571867558
90822678
658006459
172870461
479464475
756722787
782341139
478420143
84636853
312586265
264829783
510236643
509813694
553525895
489945194
446182215
545076025
846843417
962217202
740829528
98706836
826063936
716080104
361368137
986600403
77457709
705103063
738860668
332386906
893275363
536713196
809205691
915956215
652898449
186403796
478139056
168850367
927637581
502340920
55842372
441040372
933296690
984693096
236407398
425790770
660014464
691147096
505820227
421007248
460060421
396073358
194303971
66094145
205328202
515322235
763039445
589366935
323525758
264431614
651174341
180347281
244213268
814426176
773906132
728731899
184112706
533848206
232324848
431922937
743400760
41019490
450807090
454313007
612751828
217423068
387612182
991964639
558327388
712905739
554517978
165457942
993657525
591401485
504760426
134927761
123389050
369669139
510279672
430193619
728617149
249039788
168480809
359838134
827372395
307997924
86601710
348348886
723296946
932365822
788057938
600319919
753227635
859664284
945609140
954614681
793621993
189188129
81840211
587987826
595099803
232182079
864093625
432861417
990384267
195991470
325589002
322509036
502945109
528338421
711522435
462764728
898138049
209590530
337816679
257262155
381996855
323493823
110346274
391206525
774236149
378587869
959849056
426155009
642995083
564427344
798559978
358187519
922126522
358500683
226104228
777740
589237430
189311630
557947196
431043921
66153250
498841615
571705153
439457489
121603627
192870050
95589419
13623651
305010899
29958748
996388882
997641722
884030543
553480162
816122108
976010869
735755690
766388351
857063633
389694160
646685233
839084199
760122492
250589116
551708680
469495071
431457726
274167865
522102162
785273299
118996213
279094489
426032975
577931926
489268162
605868335
777788900
472330888
706601408
560547500
44330753
745632849
200663823
520806050
338947219
923761653
799753557
995474415
129518212
169502870
926968024
529692027
637542580
362053781
150416965
87529417
171017905
378306331
779763031
239824361
232017692
939018132
79510691
702458925
101893520
651559589
850984083
127825017
793741733
745700782
426080436
48465865
715223594
859996742
930079851
904180301
935326508
379865742
629744175
941890273
195740479
748878327
314872759
154692520
388977087
814475459
278231819
840221566
98649289
701794500
32483634
712612860
106417499
263088119
811558723
621441944
133463490
431570153
347192048
63120736
118281343
721871444
990366428
980263488
460852065
315522245
960938227
823811338
130620150
764095921
599574175
765076772
651463488
56120457
673961000
241355093
818817284
542440336
233163462
340235311
852678483
351585892
56919626
166565116
823204725
376241203
843494409
178129957
397883653
472590870
424250582
319073400
675489580
812374407
306685798
240615834
777871106
214591412
766658618
114188817
709689801
950903238
555844963
506404393
502997389
115084860
20179498
436303227
964595110
706582339
260441385
701564202
109741413
599109182
790994025
744433967
130705706
411542257
946167414
386994174
726388019
196712804
305497789
561986900
787862562
109256745
568166005
719141540
283285035
578445963
50799233
429645963
771957931
124320695
95947136
952567160
275456540
376264236
334534685
398536442
885919206
597055526
828346444
286814160
521115034
397137099
855054017
375734916
174444645
781038468
379781290
263481354
701363876
285200577
100858037
22297085
635279538
454594155
914464948
907925725
589556831
893678936
180512031
658542883
175699924
986198060
820271652
495757488
643711945
814235345
290856126
466225393
404740823
749847490
130906372
902294463
197115228
123628617
651211985
217045200
481594423
834182274
483535367
154708545
724884582
92331540
443210290
59147046
790212591
711792148
374827260
328320751
831920808
614855563
831178457
536769280
829366336
932602460
970320726
635620706
778622102
135999052
48431633
643727451
848677663
635104077
783684234
930700906
7433333
182682691
364312203
486014127
825437789
987152815
743977476
171154612
357154495
640658479
102948657
12185789
80413882
291741820
665367276
37906382
180675450
53368157
337162503
411606125
672556872
93320673
427079963
896434032
252336585
492606729
77378314
903313390
409805214
198169713
940123450
342039983
147476225
301274821
756916820
13903994
596495921
452088796
738497579
27079877
304385603
987494600
68466228
256569565
788263282
294339147
809144872
126013688
165555882
782474012
109977958
471053452
184917914
356532334
698495882
988687172
861832742
80488790
623230241
436271414
544972237
133246138
499560566
695076514
144430851
393647350
13367880
580726240
40257949
936855365
119350210
414211300
981242167
551255718
848386153
236552989
569228113
282469262
183057063
855938399
976814156
234036374
883719484
697452212
293886924
460834401
706007267
925727144
391100007
90100267
361068019
892407688
578662096
948497084
123767551
511537542
444861060
295450274
850064133
752665742
299672136
227820782
560960210
493245786
488113059
782074189
641337573
214251231
589052614
491401249
545454546
543197864
285429496
925050238
711456756
819429169
429525448
175768322
304851905
297464764
703443246
871635119
641826527
28778943
651141972
42585932
213383172
467530060
766785330
146005742
661073740
873160598
423976564
327927951
485603186
420304988
223231968
234475717
690257139
249487804
26606734
593452874
493084378
649993105
184719505
717808591
315503426
718683232
398189396
22857995
435888496
438034933
124766456
239548311
877416874
213476668
452194765
995480367
472106918
402619916
712630063
426196010
953475065
108571343
889647206
226096210
987497143
489619239
143747830
418747933
594807874
514287747
769477736
771311921
352044675
533451840
450378531
415696012
388821289
599192050
546346239
55588073
172193512
986746427
124190876
986634055
723553359
235328723
347304359
394831547
684316549
37695457
517258004
177150768
797474767
74794573
695181162
300032585
124121335
213203435
93818290
567288461
528378636
312443840
410887203
116006585
9575727
798706267
589631416
392538578
652775834
544934988
941327136
190704524
635866715
384426246
601279371
538786761
615467638
622068972
235376281
123470680
109644120
822634962
782420842
783001487
687724749
668112948
453665608
454528134
914355582
763792208
705815439
503253056
751108854
304736216
693694630
980390189
336390897
722120081
565201703
883659605
683638931
132598208
521386399
677091746
491215741
252632698
93286551
874350734
491087830
320948966
92814274
95333607
912372545
765529187
664204641
336825908
345473894
165487523
387042034
874028956
923797733
418016800
663155063
358109826
721737740
816600287
344388810
144917137
41924276
326760509
576582675
30756287
703949662
640457709
656321422
231235507
301106068
230583876
663115832
944304706
676174308
560212553
762920310
569465948
697217862
62048331
550665078
978468088
571875617
875264830
333982720
291080632
112880454
441059863
78532685
604472277
358326763
360850603
653001271
841845976
633340763
905404681
475236512
794737232
685486616
606873903
231221448
952058201
755928033
727008227
823308669
846405593
728905935
724136644
871412886
221407161
906074880
319428037
595570055
63607914
166372150
214582789
870033900
75365888
893612917
554769311
736858589
552677185
755678295
559405120
310396546
839413738
485953561
340991861
715545068
72239749
332210289
630416946
79244559
62860003
931441578
138835181
977434444
698010575
757976122
200885386
743773509
416946864
213694583
990698133
875270563
880341170
769758024
802464691
388991992
274824592
910923264
510134955
768926044
183102904
891902782
343123645
785038127
634815507
930215549
518793954
764101380
288896256
59295770
227648986
539468911
925583289
56869329
783751583
936336237
940652931
953160521
569634475
966291987
362789082
396302895
228391668
714252993
126511324
857930193
906264728
32616590
101359592
144213989
284203203
492385007
837527291
13968805
690733942
396563966
724605301
578739399
286150171
684981139
503106323
954400361
561766373
700448015
136589856
915528957
333481526
759229283
687573601
660517892
896858902
139550029
689739814
626537079
39516543
924449629
92045484
144983418
478145384
558135083
33101560
604380915
349480737
240215587
884836517
644637262
474231071
437280886
711420720
268823951
380673214
886574448
510951075
704503578
806990749
667498447
802262287
602878090
752989489
315418548
371835658
578175447
802628694
760610149
471068345
592708394
172481750
988435882
151612089
967281481
714891069
270308398
654269052
498583689
374471561
608984158
317839670
289509075
398260555
66586560
873880489
557755032
267257300
429535482
696864846
328035904
317317419
4420400
247557573
786912491
93376444
1720132
851902824
345748699
845724583
971703166
979042471
49221193
152140420
909101538
739543972
546815827
536452477
241792187
500359133
586198537
537577447
426334331
677496601
265269391
713613129
139783883
87187693
466697565
219967162
945372456
420052026
994885162
237320129
679329533
586198013
755921371
403757429
8859574
322052189
691714732
240823669
683192359
771662975
423692876
581844625
259654479
994391716
258854837
76213459
426863379
155620133
68619523
422049145
475316640
837894924
979981647
419761332
638630116
19415525
740298338
150087515
904846328
669283492
910437581
707006745
985456546
237222458
518986722
757276339
920762223
343425850
615372305
15880068
21414920
925705580
814742076
901768947
226521106
622225437
256236380
252279885
380011868
474889898
341678682
327973869
222211416
511038845
673216952
261830367
190528107
488399724
336454099
602154375
148820931
898334258
467526609
491787303
445138056
569368029
879650731
571276116
751825268
64478134
297310565
236710799
138751341
783886539
601174643
299189856
50092187
209161700
259878726
31995423
576724432
497019368
849581889
841398604
378456824
768911024
984676591
659545014
286845053
796662673
621214637
445023804
426806355
567848294
851735227
489448470
293290101
785084032
809934350
502584627
604888742
419534052
246407599
680578878
701600207
377157137
44256001
127402660
81037163
159486325
856955522
331979771
14895920
190287882
894172643
416844866
887378681
467278269
799782508
648021529
862877884
61631928
953923668
602559808
