336277452
638151213
334648412
148754729
808501683
632360813
24571879
495732755
613751482
513640881
329758378
682299936
704148788
699869283
693965380
197144145
659894573
201769938
456048922
922653780
626884364
496831437
602637546
910257606
228794918
155457319
700887734
780499540
119937270
337399357
242181438
442881676
506676547
102330284
809867849
349384024
984656395
1589502
16774040
216029993
258122778
190900027
270989075
941291704
183104142
885242435
637823473
398257189
585818578
416113472
716511725
706295496
905108005
640650651
715273669
549455327
596962094
653042520
732224226
535113286
392787598
296042394
280798973
597273009
565238312
72114966
675222910
864911585
504895056
527927188
975790541
923363342
930800742
320957959
595222522
274899746
483438203
390868953
38577388
30085979
230500570
486371163
718439855
848222914
388678701
826252584
400668021
527179895
279116969
812399387
683543385
802377455
252304184
527147300
673904727
186236545
480178726
915853621
502557788
747109843
80656158
388417787
905355720
348587132
920186100
985032863
899587979
984208184
741201361
121358285
781222715
894043473
1023933
357134001
328118396
322576894
911013670
115475416
132378711
3574798
260972424
151363095
716278088
531121951
894247995
48347961
250113661
944994770
363375383
776126449
737946011
262173032
333217297
858396551
577296278
948005369
929595075
659287139
493003245
181313963
198980297
290469399
603234720
536972580
428180597
826947567
8038420
924655242
747890383
845879958
584689491
631178125
364926719
369253305
793002871
474907063
505723891
890187452
805794047
740900625
714311624
834777136
329181755
505693943
873341337
243566414
69078820
120676452
70835243
104363989
568333251
76941448
107459331
247621268
136118700
851439355
835419306
764760848
995324486
721273603
948611372
248491452
582711438
451585482
548828084
594528453
478317435
344844905
296495799
535154244
837157104
233842366
338887382
310063487
98919575
195508433
278116426
868700673
242433913
374743177
24380331
506588596
540872301
844913864
940708486
143957890
969543986
345140742
586946450
981752662
259669396
762856526
738401626
159642796
515174067
785979717
656342046
963334371
849928052
405553314
170224636
362000426
131785423
382444436
312738581
888146985
829350572
691899187
257075579
102204559
57106402
164184394
434031442
30634203
595897461
447222246
3877623
176161971
923661752
213396680
414536921
893759900
559130177
429145351
856414977
183456846
112404956
758245507
911342955
796577072
587111685
137957754
912109513
543671745
121168635
833371215
63509279
146436709
710188727
353718271
522310435
357860192
283054025
830154481
66827138
787262144
380288882
101239338
768445463
443501087
383139762
882386892
831490287
678143308
223355027
875735814
651759602
979735296
878924316
338765520
460900618
153301499
441322614
448767620
882450815
988364368
560458656
359637994
520721457
201169160
911080813
495211425
278581025
852755367
209449018
397188725
871564861
180803716
699068103
855158300
22857038
660666638
2252701
467902600
579355509
115249939
97469555
868640515
392644047
17748961
710950556
663291379
138852147
95895830
792583212
400020156
870734337
259641453
376449538
631187070
860741408
834273514
99848475
162156350
126197288
739949928
844240606
233747875
661337865
568235795
247501990
532659585
711213070
82256159
959012093
794182305
234388060
577499229
783563180
80659399
35374410
810306172
304972055
903696696
921927867
373299683
463115341
564482403
409580531
900217489
451667369
256534471
49038563
173085886
605448083
966035005
485455244
86480637
461834033
336925834
538470439
490565166
426600618
686756642
67939958
717742917
978972962
906128426
773314140
560859996
131755080
670334263
985016940
946514468
948236137
138835020
470351170
42965840
155293299
6279748
836813187
819949574
984553548
467126875
394659420
517519678
347544265
767720717
44502943
300544355
380972471
917456720
485694909
390886452
430992109
150954080
232697219
361962378
991280010
278135842
908976206
595492943
160500152
607343038
277013243
212385060
196174349
175228742
651545840
910101536
923160594
447584691
854985964
928159264
624820499
904558808
301701689
280957879
105973714
773251046
964350731
847936955
576029237
620651047
457667792
104634478
430689650
586795164
937267565
80357737
909206909
474105870
54404863
356566483
89943537
431490276
860643854
734913065
472512178
638608432
158237081
604602837
462154070
882713283
900276876
54286037
325770075
674995814
764930008
73303794
486788037
40665948
269094745
508832143
928820461
320705944
813721270
865234603
828722551
473727441
143896892
504993144
398146343
503641737
96929919
460028420
572587732
678275308
599486532
558588280
786314438
616480822
788998388
81943829
557108615
812126958
870986058
459112321
554319831
499232442
27027958
800294472
13122962
792177004
550319939
785521395
867537389
522025118
788972321
444004178
930452577
220885629
863759878
525677315
235995932
326578510
634277088
125426240
59176099
360420211
942752790
650748175
829544224
546501392
325377164
906353181
691291719
158161271
884679754
108953679
498900013
789542534
379360600
89043090
636520682
606035005
332612828
578610835
110173885
864665952
528964561
741968278
601719389
190860511
465557965
646594576
615001977
284186003
564016197
369069278
591393213
557458453
936365302
194286329
847641499
51414057
436974176
67957142
856724562
976368604
33521968
489838222
348762154
391428926
514681394
461152004
493911775
432979142
463540987
64365655
88191748
730815835
389626355
882669565
81465344
183421925
580765309
856633577
423960441
263568018
708201654
59023990
865208342
604510906
309904456
791169793
55856404
262332905
962539396
231674917
806618975
322900536
130526480
866173824
937643688
900255675
775610653
412177009
842283534
83819511
495640842
748143961
99114546
662105692
444211797
725849168
184246872
551839719
965766519
425397676
140726982
301707161
226727308
35842710
270870777
988583187
509857780
885432643
819449078
487953400
950736855
955958768
780774987
571428794
145123700
762533381
491539667
300985236
49938260
997178312
234966986
599016859
866907286
8430344
28845952
911235247
88991007
158285269
528610642
541923750
674313435
530865595
632225128
432406509
932800018
485866489
243945655
60119890
260138853
966294765
646772775
513002065
702081371
532662830
743155085
672458195
628498272
666946934
504987891
957739789
703546235
837965483
71507176
60809042
973932139
681115428
148290836
706825675
687362399
94079979
270667884
297830478
696833709
13173925
712762612
82329194
353305723
405546869
321507880
390155886
363074839
795255529
321105266
705615803
202893585
702689468
990516586
836203513
181303747
143606029
493927265
664782881
368466404
733840333
416169154
862703223
924657899
883244397
54064333
223842119
329302361
823968068
656872688
519879089
173556701
99083269
546295855
662669357
583010156
874081232
424602308
545021312
502999100
321990899
463490145
742615440
869020519
225674569
251944046
41816277
256818841
827680292
955791206
909393987
878331845
688882378
353147397
668149378
839891210
408053915
703682913
672465106
164615881
305150231
900312541
766575080
979514025
510534859
28490102
141680047
698485628
295194308
468204913
78901042
767246383
845470489
541555798
138253100
519538386
631669074
180358838
177413004
584505353
905943823
689657157
606989558
79921031
831741053
188899905
533569953
223828907
187204609
371793158
950207217
64451995
919164695
946473915
42668286
707489917
708779707
667350116
174590325
945277188
312668877
886109715
699347183
925618631
661709879
368840202
170257338
279859099
662971329
803623525
727710604
509741923
144489581
210812132
160316047
491470351
776898268
314261393
724464321
878307248
4954263
485652434
654517679
29205937
872520277
676857504
551589634
832258367
758876280
673501668
667005938
861341
811397596
973060079
885835217
908001866
776403387
908169027
532294468
115268961
810334496
252326211
474045925
681964394
730988746
817599196
787084826
526659560
256540319
80868971
267329323
218786087
177947567
420767932
628659718
611358241
151170377
521043782
887676630
829293346
371453282
683057488
568931347
75218145
368922868
511668193
694253241
372806496
434547084
441543231
23278923
270247741
63420872
647339520
842949789
441785767
320921466
57648538
852733976
554602583
888782034
835307596
411343117
908460859
263417637
785178685
890049366
967935941
201909924
494655239
687015882
139227270
586117354
497517129
543300192
9099621
420059258
152135840
913723244
149306798
185094291
781803308
472146918
111174312
845022299
23619832
901894935
966604000
201205272
600675128
228218129
637489334
209988230
825304144
653995574
986981258
960060358
731084520
717956370
746212838
301812893
569904655
847582159
832294742
866249857
592296795
941856170
308119342
784734043
209586380
469423176
416019010
569092193
623601673
497615245
682542863
251239930
794811786
61655709
790210340
174991848
132572328
57173853
85149305
457607938
951559652
277439806
258689917
776930989
548423652
659143385
774035928
356362960
490230698
403761937
641716137
968678322
540965724
765369811
665885517
774031181
79065986
189158194
740114844
649475840
757924422
498867842
352844994
621771125
997547645
841959921
785988756
427036127
193831846
376152784
636562014
397461417
512063141
632974927
360308175
367810053
642901642
586443986
972112325
768614864
426754147
460237311
192646015
464898771
377073340
973734334
665364176
755877880
380541851
175658626
122642494
206700354
109062174
139187288
670186302
770678978
414505736
631972780
541247967
951099312
69223381
200431788
330320408
298171933
672535563
497710806
771046705
451048598
802522437
145165714
392959140
84850286
55922024
847653481
9517002
730234981
754126456
980836245
678254509
600688748
23518226
520092830
272392480
867284056
969945331
510411773
962796384
440274930
612238823
190615061
745160189
951415695
773472138
89217030
740515243
843466261
341093986
102750032
841053384
339780008
648162843
779708078
431278593
99534734
928069937
605087532
790025600
981456386
480689214
915564679
686462552
254002522
951722826
136211714
423609139
442047692
542514845
621820177
106993261
406090088
869568544
345885828
89046772
604659725
131766903
784883267
347327125
314746972
98499294
631097303
982709071
830689741
238761633
751750983
196977372
266331110
321614394
252382841
453239916
236636455
957437878
383422893
838152584
82028733
97155059
985093784
315901384
560032451
244982805
777127409
902869558
461465353
546247105
989162177
70640207
432657391
205899768
978073150
382271768
233608890
913959131
408018750
156249051
833578924
223852978
380524055
820191650
62459966
770968684
319794241
363643474
416450570
272046255
497550870
906062627
778945027
942186300
571714999
17502265
65980970
7778909
179846441
559391187
932619661
23116640
455234283
149772362
88455543
903959162
327052662
815790153
331162807
643128420
733010652
807411718
283456545
392561728
297303891
468592835
291573896
912788348
888501889
654903774
481234934
3816514
797092428
558258718
213754670
286276533
957978144
680286808
894918275
104922924
18885361
680368941
343769679
776241437
637804406
98229112
862922001
46422399
889992394
218612730
141641170
883352678
978638166
665838566
791117136
285770883
136724801
28207931
218316664
990133938
286132397
164319198
920004980
693173897
328988919
217043557
615718649
361877574
691027896
206042457
21909992
365595072
750487261
708319887
498766741
931997861
237429350
557289111
81828078
428244845
620964355
162654348
313858543
772605750
242672288
171714945
315493150
402041550
614840211
295375108
324147799
240693786
666376645
646518770
132423313
632827051
423844921
941380718
639512650
989714054
674958633
518991015
539532205
208452469
448604350
914488207
374330391
632810451
524402943
573949946
426866453
352204277
203110201
562498802
962820770
70538507
988045939
380445032
966036396
446931121
643145213
793561394
707314031
951769479
690877082
850796327
550920902
159068931
640506468
218602909
34854254
398615279
359833752
940064827
384456930
713668957
697530059
918502973
845571000
460353585
653411036
180735156
719926324
208585827
16119513
130302989
737101540
351317149
684237639
9354926
764737170
474491348
73737292
91097772
869668923
899661363
524166478
756704424
514451731
838578719
415942165
760512130
839527447
795119619
527854580
789375299
750627000
932313246
526242978
996976032
318455978
761216544
480055351
642469049
280035159
863258813
462759070
764971346
840883760
736649381
487254663
589330000
130323793
446673945
22587752
331235445
903883993
534235911
234916160
470121224
900799182
834786522
895108723
434065776
788939359
842046498
553289868
974318011
315200202
768702853
426953114
618041965
910009439
471110779
600469238
286173238
288394848
168934494
602025669
794316980
948995371
24120854
179449313
553688453
111236611
43559102
718479344
623346300
967180075
288974575
328771111
510977064
262369173
710405019
584622540
833672233
17717259
604087825
291357936
920670871
307844292
217497795
30824012
490967330
556564848
952745571
94569859
69844104
723841717
447058757
334965884
493198836
435547969
659754297
841906256
779869605
543362763
828564364
905563335
314285930
742840780
603928555
142437877
661693448
257750574
228354888
617525232
30188489
932488666
475025027
746811678
479596833
391305113
165388125
545588779
222435904
364775753
660483172
576383971
975830790
698649947
726017854
265154362
35184078
890678958
98233065
975024580
983282620
244233276
700907840
101777533
147752256
56208964
364000328
92344498
248505913
567810157
972046421
993203771
749421729
518962631
269079509
290961793
640132602
675538131
818653402
42981678
246064395
139092941
210081882
704072303
790596418
813055126
225894816
373865598
570639965
886635219
697100011
428325957
53610922
387436955
232816022
344413137
214571745
347930007
243895235
266949209
173435614
441639045
757472430
937686322
190850322
187587524
911211115
279596396
840083872
440059463
935747747
293203096
786589150
608900639
685999582
406292619
78478393
778334528
304096040
620919112
203542638
569644238
118186477
38288680
464046582
803051931
633119858
168322010
944742552
133764257
650198550
456157398
92306634
737719043
371107664
113426424
782208503
619685975
914056546
207774361
737388953
584987583
374720446
331046399
900211178
134475330
180716488
510644866
426390459
923491372
442141771
367142078
900523273
367083585
604127203
198786115
336479539
438720885
776121008
517560872
196494020
24810358
704254444
299978149
989406346
589508953
954699183
528368403
754383416
493574485
897203393
686816486
737774131
778794977
44842276
754490185
824744469
874649084
243996268
812092559
823557206
514056541
511243826
411835743
529992031
982027665
433366644
563675511
2764568
243539035
28583733
667940038
757225385
253738132
522876045
843094259
22896324
691243681
1069526
872547993
197001805
939053361
309472656
418024761
948170376
870648342
416014538
569117082
961012682
986857703
461497758
614238585
686446931
101645031
402961296
828762048
658973161
106080789
664723369
734506970
781711975
633718255
257605422
489357359
22995844
575477304
683173158
613077597
650697729
242022038
103900497
922830538
212729484
36944082
613548589
692794364
596114934
374446273
960865079
400999400
708200510
59837658
722988744
553024124
226029418
391227744
764087486
816184075
284470365
451647285
945782004
110897344
37000974
728752043
139643361
898670250
216491194
733042632
659812418
304398437
996874175
396962159
223310246
231001045
874421731
957198359
541196285
745884067
432869685
145083934
210893559
139468950
651328827
767640673
839035682
460713636
638848087
413848007
657403061
180205881
417116231
559861007
6365795
887513750
486687603
335138360
674997724
285512214
439126690
905276283
448969802
199605249
567841947
546516313
272479795
434310378
268892168
521738571
422726943
501117817
632032661
613915055
469925985
650888398
824840167
760255179
448278981
917281307
447581718
902555358
9770550
668917584
726494896
102434943
149376931
770490352
325078872
346793051
40202761
944489020
128441257
931416075
614972981
652841663
167688193
73261783
651476922
35254697
966273066
370726990
48735916
675500970
174544399
506930791
482445442
694184047
914672804
941768853
90160435
804037900
213414294
651809991
522478965
271992069
716869093
299097550
427289122
691699744
91130009
204334125
295782091
843303128
519344292
694475415
306096523
584738953
646337477
382283594
307857438
889937224
516047596
991734766
688701188
855275335
600942507
535723033
987798009
133874253
179968709
148747759
880453449
909939317
169503726
873964866
28940694
781808994
841846899
866124795
620524078
752691375
193536176
243609993
613660697
179409310
846640386
547672094
842992934
739966366
599486089
149958364
728531948
385564666
750503809
858332446
140309386
144394754
408664149
68998971
529624661
761443976
1945157
584324708
192715262
613677619
891244355
295951020
290964401
132972059
667448937
60690759
613145219
193596274
265694589
520930146
554951863
27546069
966203731
189075730
980465956
598134903
61745993
934633508
170984355
347461153
107350400
841801701
125231562
5069662
81185108
606617870
69296347
13743993
740378758
359347719
866758456
425677754
521815126
266950309
257468360
484749097
786566225
818203733
198036956
793430563
137417221
514602014
637600672
984433885
712485802
89368495
384872397
914463829
683812765
62605770
704940532
284893595
239365543
377766209
382847942
155685768
236400287
341907893
689774359
852787725
60007159
719721349
757311671
298473318
682223236
235495147
244653478
160347895
62406724
46237304
619136614
652986404
135486028
756700422
232503295
349617758
762069231
505065276
511809443
135434401
17962721
951648815
331132331
248624021
342772227
453827171
514891276
876585446
494059590
259026449
837031006
138601366
423171591
677263308
99113807
427057487
92793272
406063423
886510965
459337794
656683356
909736510
466377097
103395134
952206347
92943475
797001393
101427347
521241157
244744960
338448148
961301872
165294778
356594510
951735619
823844723
215241509
755223717
851278777
664259574
135953063
781464140
368246023
776397737
807056901
88798282
989509921
373584630
688972124
353879661
368767313
28439794
256419929
421337218
45325480
239360929
720531782
525934287
108108685
804803983
171652527
793772721
644880420
839216475
769478683
629353439
838366650
423408260
790301014
455422351
292575636
74867836
65119076
305507431
836950572
284495211
843657946
536115077
234991313
578933877
421673955
334544521
325199515
778070216
299352906
504000514
982951454
557367549
620876239
398486202
404360530
743208541
933775043
155621373
134995553
492475840
400124211
442906355
774216233
556907544
86469404
177528253
252149564
5228071
223350576
832769235
107296204
665955670
766104492
945114763
235475560
123463026
387239068
376030494
873560907
801532325
540300070
389166870
83659013
25957053
128661114
528182414
59150136
49078033
586186273
544417590
315430703
374087570
357639402
874810290
594785955
629753036
415205489
731137135
518198381
184967060
330266651
823899378
454187548
363952028
374742126
503318868
162074576
376949452
802394304
963142776
35472869
204341265
905144308
896884444
496772315
661522638
660218969
668060876
418928349
330701223
329312454
815515478
470076717
889013399
117581020
631548915
366315985
13116408
23326552
465615539
525759806
203936517
33345609
23483049
74197856
4967674
561186516
172762700
85552858
249265633
70376558
319537218
596090481
680897251
314923964
808525697
395950578
257575778
657233849
608330266
621963964
252261488
958364736
346681098
850130252
632960968
692583925
303129005
184546908
630587174
328060350
37152391
150511240
630019951
68973051
231208720
958427639
682887066
656508791
526518861
895310201
412390954
66027120
891600142
510382873
991021314
19765960
488178325
570331097
911309276
424636523
578916706
450755464
771267301
717989580
930477018
711135697
144495467
538148822
13218135
430383228
983038716
313748414
943478710
655590144
838408976
392196080
204302181
688614396
958524565
278593117
326293040
473686097
490144130
940670734
257532105
234693811
572380758
672743
88786978
927875399
3822831
980486617
590634249
607037984
778751983
735983720
813964072
564011002
59051052
529439402
135370332
250639608
95406821
603791857
694009489
440162809
596414873
73442508
331721323
364390139
190281176
350849009
820820434
177572797
554509853
578267645
809939472
609855476
329789435
727607683
887198664
308036340
227756810
193575895
268069165
675681643
728910008
688343401
404417984
612052338
423402453
448214914
121943858
883623206
763952459
757887330
388653327
892847021
443096947
181859853
720147723
602656504
702389708
682916869
649850041
588569762
815881653
96480139
435692666
719044754
231779932
660702362
110806409
725024065
233319416
239010009
579316328
604112254
536830654
7153462
685513060
634907848
87985965
136391780
41083573
286702771
217780829
331514711
370115630
510801900
401247019
54432324
18167273
407458597
479574914
901177660
915092124
113189839
309728564
683463791
373558493
975659857
330502190
306435554
633281880
39078478
664323118
948383579
499768629
831400144
556169648
143581538
494613506
103564277
544002024
414659625
749105617
368670314
84019926
547978977
890935266
744067707
367689262
845594994
358014469
640703425
25344489
518542057
356686903
682688606
885664702
594659206
256643382
839733095
817352702
424338731
455533262
942227058
939949061
296348393
904671586
80790480
69187564
508911802
719581127
525269193
955598259
695184752
602712305
8635735
919970048
186907807
523110920
919285082
540235013
691254910
512320141
698549413
440685954
586120780
502307396
164453770
119483637
540092752
90515403
75178955
441040869
468644276
900244675
405201850
226323398
609660859
135516812
343423176
621224859
9822766
423688775
482408458
431890870
106457849
708142589
172495160
58340140
241131688
397665500
971357775
259797269
989607274
85403049
488707344
565234097
457237127
954971896
290718724
528258120
224639194
40835736
224724137
316932091
61017306
474812432
484218047
128056111
102503811
405020963
60426140
36085496
456304442
326592886
304649275
678184589
682308362
240051168
341097957
557692624
751053722
538967866
477682220
291024812
969856120
973791757
526224791
292264561
247052373
706422021
965087433
503816561
534047820
674701232
334414441
767696595
582810502
27540650
146330768
650435321
811177283
59866544
203082031
222662194
1400760
121119467
335364862
312301238
451842092
724140835
265659652
627456419
850749471
977071123
825468176
422210216
984276036
762134023
986217685
504711576
39160158
242490192
372499382
760856557
376609749
628509934
564548768
307008737
593570577
763191982
603535074
6352547
706269415
101470929
768090771
447038924
227454177
837961382
944000688
44951014
807070058
161352245
283995371
501961066
479321358
65147723
477322607
538863291
486667510
73531833
138923863
202921444
779116657
798375207
909447456
893764979
844890899
897514809
245310542
324913783
859298978
796692351
822925046
403707805
146003832
472341654
582403106
477926142
885562418
744953206
520627880
854190726
961835901
500411087
523832936
278392680
954726231
384970065
459490025
70970218
158412567
513207025
939404990
839872136
251597635
188385396
354472537
532766187
496783924
808036993
974824007
548703470
430710336
431531474
421913055
278525837
99594771
455350273
263939697
985964204
612964936
967852166
1708786
240201082
323399542
974796341
644807202
324768192
151525687
857387307
562923082
687144075
326501365
697186848
226315387
320646147
320542323
296895917
190713672
74986256
566938663
409809559
235352525
275343765
964468151
145304468
356763208
759752281
903767173
176056447
676387465
603395667
254450820
131477120
812977485
362213226
902600126
336650134
541461100
954026127
548664970
727416445
708569853
757136587
94481231
120067294
437022999
901492475
34564289
854238075
108950191
517203728
851877893
694218887
833148565
91099711
599555449
263938363
708926338
206073810
191174371
613464147
966819051
659877605
234466784
734965082
54505822
369964547
669112733
241037738
965666418
491909807
908371173
513451886
417611958
104638710
962416051
161231897
838549625
426975939
558618493
360973677
139709721
756327063
635040707
985338328
37951510
149533138
248583011
220346110
638034656
269030169
311041575
242261677
207558676
465191500
940721912
24401851
200444013
480088144
407639314
4956904
499231098
461776369
263291913
618950215
769635138
362728805
485444717
803243400
615503058
671291319
691188209
347056793
580269641
270129985
617440568
673029062
680091624
884479108
438003720
520179743
119802563
709219347
837765795
246704196
74082022
187234813
906604496
461377493
924166493
899585399
62662560
568613343
926888015
637676947
752010931
946899541
334973870
629070549
275934648
928276684
139774615
592240042
933497682
116190837
788085523
320348249
648518406
996882003
679619900
106693255
715494647
299933046
941603523
761024974
462137796
941185360
888541793
847575793
940398004
969443384
615951597
546214204
854686750
270638296
732862056
278694563
693797583
101466875
644373708
573170219
65035536
371421851
236167873
118263047
376867127
799172159
318312413
337964070
570890603
354754090
608630191
965289685
760122642
492631334
854107169
2155734
491327275
248674269
95596901
700790934
68588967
382032450
732026609
404378253
42575234
723955841
23071261
172199425
725355239
134689705
263756469
240613950
218426317
373780317
895883915
497381794
66084381
193535100
228244433
516848133
903477747
890051540
90379581
549131621
44957130
269247403
420614092
476028675
244265374
360981301
895578581
45961697
456273885
604338553
263706468
662616025
770133525
199935284
724476933
895676714
23598789
411572878
596238981
825916307
513504207
31979558
57454476
658163574
469358944
732544022
48462196
895699774
889899864
93489113
660474248
409335945
422015463
452182757
616389267
888216070
13039893
3543068
548937832
674716295
475608951
40134373
158280181
571643539
883969375
827939269
75584637
955754143
582483812
880146193
608223008
196512158
269323358
368921874
360222216
735393650
13629418
124403356
265520399
315132209
104455662
184201700
645570065
629908178
752963729
348082535
583927489
198793212
866859941
335039024
383760874
214700564
367776814
940055604
47398721
64003474
15160991
222277191
462648055
627738314
295300333
123127701
161723690
863984732
5509112
478303641
17159925
708449189
186198751
77821220
848637301
256207107
900847000
133138201
80110603
645762339
155355350
905175101
220165701
880609803
236476747
665127177
484217912
245602287
626111842
460024868
994244288
933548843
871239987
39181165
855474795
879857429
90564433
361994315
785197101
674144937
368099517
800394329
320649981
844522169
958491001
2413085
304035794
432631349
76016796
328664677
554019178
630922367
103936057
34200504
862330250
881917621
70318958
759079875
618809278
914132593
2275369
12930788
872883825
151915829
29115887
500687988
148003734
633446272
424246726
77754933
730727570
429500687
620546606
471334086
436241775
769045612
510178279
883917467
797072534
717101466
575916970
823408507
898590016
623351617
911583222
223886217
544420968
696396142
632939758
580754132
270295059
943545867
277491753
143767503
179145286
329935121
514570217
933083949
513908421
434001645
196087792
557300200
50733972
718709153
921591616
720935285
434227562
861618872
638161169
148781875
9818577
552938153
1266629
448144699
608182316
565163515
934095718
737302667
374187616
699782415
405043136
721700792
70419141
473431968
825154619
436848626
365128038
745324675
622515679
79930045
286868592
852247722
557301856
309614321
473647754
471845623
792363291
504013506
373540403
123568335
295040905
879217820
674853241
739111103
773479465
587598886
104095260
734072971
738687229
294361117
648593322
34283056
280647316
83086150
776116883
342922509
421872795
546272145
142751712
710882725
907096672
717320992
845201239
268823273
691335594
791534291
525234217
983465478
349849315
862948912
556576145
96996032
275736015
631841151
956457932
69947243
192524569
521867870
481334115
386783270
618129819
460758726
831792257
768172423
110498967
431282174
420994775
494690690
653846228
197912438
177164405
112369620
711747972
299663941
272630375
207374563
193357486
910672389
84644009
419844754
190150213
537040480
802644286
545827326
495575781
57412059
838929965
311494473
649791029
52826625
793003656
965587738
344341033
941120628
562476745
699045002
300872080
244958236
133627560
17835515
220193538
554936921
826802265
581121428
546280540
448740430
858613943
13607950
148428052
305926857
562994977
535556641
332777193
895730456
67886400
510856082
611306437
188368873
32652149
847436320
656876765
854995240
56019282
171092427
359432709
640200762
21035662
715194168
353668809
686049255
82168095
517742295
927350934
291912153
747875582
128626007
487679979
626930586
253050362
685836202
576110217
392345035
399031118
401340481
699619146
197225708
289915156
298632582
768633820
673857533
505322027
123320450
423317139
135476995
274600240
271576960
511565235
75456339
134849853
571548597
161293225
834765918
470851491
955114595
46028733
646072704
623987170
889364730
262597903
258049432
190874899
996213971
716362644
312364563
913890223
478629446
759437153
949317584
441722496
347807194
991419633
903303371
317934214
75385017
565682788
856944804
773281050
56097661
379597587
37716149
317942693
543989506
303515416
491279863
179926655
557934201
53006878
602578957
901776568
268437365
873257075
561629318
875742618
491021406
902280915
579910317
759677551
341588493
598338546
935962167
980076912
363607078
908246704
505687393
335384126
835573155
686256047
739974652
524582360
152259065
521035853
287967628
855099861
946332932
610467125
403607461
273037041
719633653
340744398
352158576
473327022
564766802
860780116
65043607
880894410
632676209
579460441
176312162
473583627
351524074
863201564
117420968
367150744
75236147
889725542
