499814762
67836918
831298320
497406254
811388114
811931040
645508437
542135383
209198399
199025532
218732297
669762760
243598499
94975049
508938668
830251851
217427624
976320807
792563276
611541312
273266403
636150869
245941207
387684305
427425331
278902945
42682004
21341002
730869631
442263305
224668614
786344016
554860230
673397806
628328189
734267707
210338046
247906791
574360373
482582884
11685447
874252961
43149548
935488749
259101236
980806682
901453813
690376239
584837452
779269455
800969140
969019227
836051079
83969285
316208923
249849901
896344206
522945545
7157289
314843469
44667574
435451332
926319420
750416323
458359751
72694164
543504410
252669940
347141587
466219202
99961052
206245801
8383414
186031865
659390129
869961054
807524130
701998413
7398312
108472021
575463653
694699076
703356884
860334814
988309173
871443740
203047979
950569263
798801462
236090494
333120854
630062848
700037125
897376581
981668091
814963647
367955302
248816007
305708074
902295766
961771255
378261700
567392550
826928651
626224426
713372246
307087003
559216863
795707120
552158159
270263736
300908603
378390353
761858906
964932637
764492888
520413512
248980173
789875528
776424695
411061519
816982285
849264353
554053916
81973835
183419483
368120133
23579120
785730675
919516647
582062749
11900422
511809729
265224841
227335578
526994315
335234308
965411743
975895624
198162828
416869867
305364807
588197733
236712443
872494419
210951708
215930013
494105204
439705546
525113285
787878138
704714193
237292634
872026405
365579377
31492942
628776049
160077247
945628284
252418556
604763986
711978167
828522446
631172498
717863694
332993529
495553059
955106547
122393846
657751089
78575726
428616628
714094916
529362721
728157665
226583113
571603791
296415107
387026095
423134390
366353994
216454604
784765844
592524683
490390031
686090085
784714486
237020121
188713606
571671487
517427792
350703610
735790542
694943797
7460904
148625038
286082978
864695841
330501793
378023345
583857970
434802438
73994073
670305276
225631266
807996190
209752830
901255288
269396196
878047717
640026289
797031931
339832185
446465141
28612321
397966264
418185112
628863460
446764641
958409970
84577987
656039315
630232621
880861548
969966953
337209067
324901834
39417752
423355181
28212932
972241243
993108335
161651994
444709428
749457731
500051536
583919578
677711288
512182880
455211914
318239215
657012503
754117396
516269307
362263399
754322775
536608997
74118363
981264035
285107809
733451140
883821545
336096022
243042232
746519830
677098395
285947342
248000782
350070490
164828003
172668860
965041333
573715860
445958431
339734290
110668864
899425376
924595166
928503949
44999887
137904692
161735635
768778574
983079260
770363003
1553801
367287082
254804351
465925929
584159872
167671719
854863429
843202826
872810551
348610739
546347988
467886221
342606848
20488792
660923688
957630825
269109244
164827277
40453907
533899485
112640568
260755445
611977720
790665979
506196929
772489732
140847197
606996789
109435428
780057741
223079733
100777160
86705309
527070105
37295441
783645521
426408596
667175019
357913201
868500294
113652546
710519082
469524849
210913243
979841904
220196808
280284095
516504652
20485582
54819632
170276361
436575607
569429307
702743551
325330832
963591602
528918229
214866819
134164734
895225863
251434433
485530965
824948553
251426178
831260792
489568706
961471191
846760407
736783161
355984075
742036349
831468907
76578513
894658130
307185390
428110631
8386184
755868653
905798056
360452731
984446852
798245427
378615694
273258054
837195046
901586776
307974359
894801830
507012399
362968352
465152972
732707692
759250034
821196761
837927565
639960568
967605686
562852392
114744387
906522619
726115057
964157413
961868536
240540377
764789205
198110893
280570575
862826143
532729233
706839362
238267843
242748414
308096792
651004493
383675686
651734251
407252541
51234121
371656028
592387233
251132319
837786845
412537341
638987490
593367843
186243779
241243996
148458568
678033956
302952542
721813654
172058652
860962088
73476303
773548961
842240942
564621848
842973086
705665680
596596318
562579322
205734414
147015322
878047536
332029137
76421819
960822181
142509817
733390226
212469927
847118217
254508884
783773280
346929569
769972905
242653411
224676994
687157340
465752135
836658717
416433746
375133084
65305608
227243295
4019300
90434250
406693785
488493813
652615699
168082076
629018747
911720752
746007867
624469785
687067084
808369871
218756040
151426417
283115753
989692842
251612584
959636417
255983481
726717289
486538491
443631704
992246480
778810077
621157469
89651966
940126186
613306338
257847729
150143115
310951492
20019082
934556092
964734941
423858742
16750174
127251291
386689856
114922065
212934125
703681385
350597535
348677623
335273780
969391059
12405779
809350539
176712541
556826262
13469515
973955408
573785523
859690743
20182889
713947271
347492527
169500509
146679455
700396929
98759505
622933862
693659086
596266751
892647211
424191897
346412109
422385885
399581849
42466675
857825723
786831738
812249451
812249451
107887800
116774076
993303845
997009226
694601396
693456375
654641083
117660707
979781081
864206464
607598506
235206270
896007522
901684394
450842197
434650775
585818461
11009052
562129035
145379379
694659958
456737004
278630938
721371836
494918719
761534655
194038750
915643802
563611170
315517862
794765458
165842111
331684222
283325642
556052574
66196735
908082442
894187309
777204291
92172980
506230522
520447213
643624734
527247473
747652321
813760358
965515523
114421486
46507748
848230426
792444152
557658922
876439528
640776379
561107044
592008343
925593980
658215110
837128338
74412986
336687287
968483822
85415961
960394942
592535361
29172780
11312806
215751245
196087038
908504118
493504004
164197234
3000103
746639077
777934269
827114931
160637431
750428654
368795523
96416898
519611186
276329950
929299258
192443690
558475167
664454726
816304436
361112475
787007375
826833076
2966384
846672438
556404551
440620038
304514300
964088156
50274019
10030504
761750617
32508665
682882770
504364809
172513049
967433766
396576358
384408144
257507755
830801917
289937425
40679991
889932435
30373624
713798904
357709720
901501446
904022785
267833792
562788644
908712565
613618556
736320905
441812022
884905062
190844563
50989736
88162704
366369866
243647109
641011865
808874237
162283807
400815897
648871917
584659812
478358028
997968639
916909977
765338316
244935862
215866408
762712303
804549778
499961837
961407293
663449732
283897063
826915019
4555787
276529078
379981674
680227795
193395104
822012696
290122128
877499072
120558368
20845252
171551970
3812266
11920580
346070890
514827761
16627119
486497534
541483012
214216271
491190174
127562381
675710223
933379427
175144343
268583531
321158088
864697218
44464464
865117110
978248450
365410914
82355319
960216128
975340996
696746102
646391153
776176279
180686709
545819750
432830683
201638256
837248480
466940487
466407471
528645411
184624196
533623622
644521167
8994978
839576536
592504175
239052222
333290322
875484414
705282929
539336268
794022839
876186912
473242623
28136308
646868864
629312185
715148729
26163730
225396934
984381234
536137965
773680174
3755729
923012408
13222147
646702732
209804215
435536843
833830297
217724381
738071029
422067447
972383670
686406097
109743927
996372776
39612176
178240971
622017226
375516170
825950153
877443330
745088757
817015430
703678567
226780642
240360798
433858461
484160526
60619163
203545660
558918480
132050892
170845220
857298012
754962059
208107673
530070168
190032216
905910561
905910561
129046401
289964258
450913653
107783362
630604335
746056644
900113986
584784464
862503914
501121071
952568448
180930144
877466305
229335580
747244991
969478878
292779733
426819529
101635413
759277660
472418939
762308737
910324838
217652594
464108859
54622895
89919909
889366004
437277973
383040507
589265845
892455460
957466837
881716792
766113745
252312462
14276937
792661400
405626464
978625338
183857649
469948091
305616470
545627769
950075152
120267550
562016424
734520199
922838617
583338269
553355104
997437626
629841450
25407337
146295978
953031066
84317855
237995912
493481658
856345865
46465285
375850355
1388119
908981447
812208999
862280599
850465907
440780076
38736446
994048142
867068767
250699553
993559054
657131658
809807340
699072252
20986404
656526297
655191382
245175239
205217503
743485006
502098299
493378261
251508571
267804198
752309077
30820287
685737133
577783057
782264774
52452591
659274506
63944273
407811124
158891488
980948633
697006205
224372135
798826734
817596260
838738660
596949428
756941901
984148941
442098000
838536199
683604937
284775418
528229110
748940441
796788689
952224030
429869598
809033562
322958985
530407855
682788816
51044848
529149523
891952616
501909989
538646740
215530121
809461080
305792810
883664549
266085673
236505058
180258913
420207450
525649792
259477173
957673826
308049221
223803855
516544329
256197173
5068909
740852449
262506125
901168892
87221586
521144303
478657820
8112337
549298451
786396871
238636249
927311048
17734366
629837879
806872879
719475877
961097970
407290450
455784433
113837355
103955345
230141791
93532992
293262324
791143074
56703081
696265496
290992712
975016638
933830003
989042303
745562932
112690860
956514667
430170563
892410923
608259514
289363686
638164746
4006275
168059238
335056144
171042371
669330992
248833027
384991655
762098061
659832472
178281272
680428547
403172415
400011514
762622778
675963433
935374308
917228606
515126106
483724266
890473852
568394773
378377239
915186438
547097236
113087060
945504556
560292641
622892459
94138954
839237414
861559432
222951099
193927181
442942141
746159652
133182124
345613037
739295543
567268072
577648950
553011071
704626495
487618172
779947233
639095261
808840714
966464901
925319616
217193776
715342943
47216248
925858873
530071268
264075575
45178833
417932231
778290789
