1000 1000
1 2 3 1 5 1 7 8 9 7 4 12 6 14 11 16 17 9 19 20 21 22 16 24 25 26 26 1 29 1 8 1 1 3 35 25 37 33 39 21 41 33 43 17 1 46 16 48 49 50 51 25 53 17 23 33 28 41 21 60 61 55 53 64 39 66 14 68 69 70 71 43 73 74 73 43 77 78 25 80 34 82 83 84 85 52 57 88 89 90 54 6 66 57 95 96 31 19 99 21 16 102 79 104 71 91 107 108 109 57 99 112 40 114 115 9 117 118 119 21 19 122 11 124 125 126 127 128 2 55 131 132 133 134 135 31 58 37 18 140 141 142 110 144 113 69 147 148 149 142 151 152 153 151 155 156 157 158 159 160 161 162 47 164 165 166 54 1 169 170 171 172 173 61 41 145 176 96 179 180 181 182 183 184 185 186 187 157 189 181 149 109 54 194 195 189 197 198 199 200 201 202 203 204 150 206 167 208 209 91 185 212 59 187 215 216 1 218 80 220 16 222 134 36 143 89 227 228 229 230 22 232 233 234 235 22 237 233 239 240 241 242 243 244 66 223 193 144 249 250 251 217 148 254 255 245 94 235 238 260 217 262 252 264 265 266 267 268 269 270 136 106 273 274 50 276 277 278 279 221 163 282 283 284 285 286 203 241 289 145 291 159 293 294 295 296 297 298 287 300 92 302 188 304 305 306 307 308 309 1 311 312 60 182 315 73 276 8 319 320 10 169 323 37 325 283 154 328 239 330 331 38 333 45 335 264 337 157 339 340 341 169 343 344 345 346 88 268 349 350 351 352 353 354 87 356 357 358 359 247 361 362 363 364 365 105 80 109 26 370 371 94 373 374 375 376 6 67 379 380 34 382 383 257 385 386 9 388 389 390 173 392 393 202 395 396 397 47 270 400 401 402 138 404 405 406 407 408 409 410 411 299 413 414 415 416 417 35 419 333 421 349 423 128 425 426 427 428 429 430 431 432 148 434 435 210 437 438 439 87 441 442 443 444 356 137 287 448 449 136 100 452 245 454 455 153 457 85 322 460 458 462 457 400 465 466 467 468 323 470 194 472 9 474 411 476 477 478 479 403 198 261 452 125 136 486 261 488 489 490 404 492 493 494 58 87 47 498 499 453 501 502 114 1 505 157 507 398 509 510 511 66 513 514 515 516 517 518 519 520 521 522 523 207 473 526 527 223 396 530 531 221 166 534 535 536 537 241 491 540 273 542 543 544 94 546 547 548 549 550 551 464 413 554 501 391 557 558 559 71 561 562 77 25 565 465 407 35 569 391 571 161 573 233 329 576 577 578 542 73 581 582 583 584 585 586 336 579 589 590 591 558 593 451 1 159 597 598 599 600 601 602 603 604 605 85 607 3 609 421 422 612 613 614 615 184 617 376 619 620 621 622 588 624 625 626 476 129 449 630 631 169 633 111 635 636 637 638 639 640 641 15 643 644 645 646 647 648 649 650 651 652 653 654 655 656 657 252 659 660 661 662 663 625 665 666 667 668 669 670 671 672 673 674 503 58 521 678 8 680 681 669 683 79 331 686 687 688 407 181 691 692 331 694 695 696 697 169 699 700 701 702 314 704 705 706 707 285 709 710 711 530 713 714 715 716 157 718 591 720 344 205 723 229 725 726 727 728 178 730 222 52 733 734 735 1 737 738 739 301 741 742 355 744 745 746 91 169 85 385 751 339 389 754 755 109 757 758 759 760 761 762 763 764 618 766 767 331 769 770 742 772 773 774 66 19 777 33 779 780 781 782 24 784 422 786 787 788 632 790 637 37 793 794 795 796 797 141 792 800 505 802 744 691 158 404 73 808 746 604 811 812 813 176 815 592 119 818 819 820 554 499 823 824 799 555 827 437 813 690 382 221 833 664 835 836 837 57 619 176 123 671 843 572 845 476 847 848 849 850 851 852 312 854 855 69 857 858 441 247 796 862 863 864 841 866 646 589 869 870 871 872 873 874 749 876 47 878 4 810 881 92 883 137 646 886 789 888 889 145 254 892 893 894 895 418 877 898 899 900 901 902 903 904 112 906 174 908 909 910 911 912 214 914 915 88 917 918 919 283 921 922 313 924 925 926 676 928 929 277 63 448 748 348 935 936 937 938 939 940 941 942 943 347 700 946 947 948 949 950 951 481 953 954 571 956 957 899 599 313 961 962 469 964 586 966 967 37 969 396 971 972 973 974 541 976 977 978 979 980 981 6 700 984 953 986 202 988 302 990 748 961 882 994 402 996 395 198 999 
460
507
693
699
955
437
390
131
223
969
701
697
417
927
701
789
526
341
709
721
481
488
506
801
897
449
969
139
305
27
861
503
271
173
401
889
401
73
506
472
265
205
211
783
329
86
762
3
885
543
701
297
49
777
534
699
381
51
171
669
441
724
721
867
513
104
99
49
411
105
113
672
41
196
469
578
865
395
343
281
793
741
667
455
940
1
697
196
657
631
346
776
921
611
145
729
401
711
680
801
209
686
771
285
366
81
734
412
665
919
411
521
420
865
241
488
52
913
341
37
221
851
403
729
129
301
756
304
203
578
533
950
429
873
817
76
585
519
43
221
153
822
953
853
51
770
977
341
623
321
89
651
777
215
240
162
441
637
693
369
429
572
127
481
576
935
844
41
76
361
888
413
83
201
417
666
229
843
701
935
313
425
66
943
501
441
275
977
692
97
651
261
442
647
204
909
217
1
137
906
833
913
653
81
993
776
570
537
161
13
954
967
429
914
924
248
739
935
897
537
371
693
337
125
120
833
86
37
257
833
789
501
157
759
519
829
667
876
17
735
501
325
963
460
86
681
471
747
33
11
521
587
939
733
849
865
166
104
397
291
711
179
205
801
241
761
62
961
657
1
953
64
361
581
152
439
469
916
426
121
18
121
741
48
508
381
693
186
10
765
276
401
295
453
951
825
761
689
145
542
789
701
415
317
469
689
96
861
369
729
718
881
606
525
767
492
675
709
319
811
859
425
833
988
263
192
898
145
121
633
507
716
681
26
864
705
449
283
649
453
791
125
106
788
634
651
551
505
526
197
315
477
399
182
945
328
123
801
576
778
46
673
785
495
601
261
154
123
742
905
488
888
99
817
141
250
425
337
339
183
266
113
325
661
955
369
726
381
575
67
23
721
95
977
255
129
961
737
825
99
831
33
251
57
223
25
684
481
431
601
903
841
711
468
771
819
241
102
683
721
186
109
791
301
336
722
541
155
946
981
349
132
28
422
157
207
725
201
805
788
409
916
551
720
265
509
317
55
939
220
561
801
653
923
804
715
321
1
102
774
401
695
709
615
843
789
975
233
481
762
401
336
431
641
651
918
196
245
960
16
623
49
324
310
876
944
954
781
577
161
661
217
132
577
981
366
309
328
13
129
204
817
423
617
146
881
809
429
996
81
313
35
369
27
514
913
97
371
555
346
605
666
737
520
145
833
281
301
177
225
269
876
277
96
833
297
731
969
983
353
391
151
422
796
863
17
926
31
57
146
108
161
633
701
697
801
865
197
328
369
243
981
161
829
273
401
905
977
617
25
731
43
319
761
181
869
816
411
381
825
697
513
711
619
649
449
580
179
329
523
479
601
346
121
633
914
907
169
90
868
949
617
405
311
381
53
841
669
576
960
945
681
503
22
267
541
947
29
422
667
265
745
701
889
427
989
901
1
626
969
649
866
736
918
795
894
957
683
127
689
119
917
745
489
9
823
354
808
231
299
237
941
649
541
565
891
85
173
201
345
918
241
120
153
697
259
501
767
844
354
265
793
894
81
68
434
921
349
681
123
855
384
165
601
658
203
517
231
141
877
726
391
553
657
825
576
351
96
699
797
569
825
11
191
185
81
601
341
699
395
55
765
315
516
921
956
711
657
57
819
285
689
915
909
881
106
989
16
628
85
813
103
593
197
308
307
953
197
465
361
477
881
929
565
832
387
149
505
392
257
285
961
971
495
213
577
521
761
201
789
615
149
393
626
839
911
33
247
369
989
125
346
923
141
801
261
333
291
654
911
37
865
193
451
441
421
897
552
651
276
531
419
193
9
81
726
625
161
171
241
601
177
201
136
212
381
649
997
266
150
291
805
91
227
229
734
205
193
1
41
381
737
511
137
809
38
471
655
856
38
672
377
941
576
89
55
226
4
649
126
651
325
289
434
497
597
237
112
601
334
46
738
432
373
537
139
866
610
787
201
83
866
899
74
821
801
853
791
350
61
838
538
273
851
501
200
651
581
557
221
383
346
593
513
284
241
33
579
945
681
931
725
737
718
537
861
848
445
389
41
146
445
801
365
751
801
45
924
646
248
713
921
936
745
917
713
905
737
249
305
541
723
755
841
633
273
107
581
315
216
805
531
147
879
737
64
121
561
975
675
479
546
721
813
121
5
41
757
233
961
843
591
631
505
471
391
631
837
572
535
361
806
809
288
286
981
350
1
231
643
606
993
991
619
217
77
636
410
921
29
167
986
749
19
961
158
871
67
789
45
449
657
283
777
153
865
21
740
881
765
