10
112 10
87 41
68 41
87 9
9 6
6 111
41 10
68 107
6 52
36 68
9 99
18 55
53 18
18 104
90 104
53 1
37 53
1 28
54 18
104 49
53 86
55 87
62 97
97 57
62 46
62 39
39 93
97 79
44 79
44 15
79 106
49 62
4 81
101 4
77 101
81 108
101 66
29 4
24 4
81 38
75 108
81 28
65 73
23 73
73 95
65 100
83 95
23 78
83 8
65 74
95 5
73 6
51 16
63 16
63 12
63 88
88 72
16 109
72 58
16 26
2 58
51 83
71 35
35 56
85 35
35 91
34 56
92 34
64 92
61 91
80 85
35 6
76 67
21 67
82 76
96 82
21 84
96 11
21 22
22 50
67 25
57 76
112 48
112 3
3 47
13 48
59 47
105 48
40 47
40 27
17 105
34 112
33 20
33 14
33 70
60 20
7 70
7 32
98 32
20 43
31 20
12 33
89 42
45 89
42 102
45 94
110 89
30 45
19 102
42 69
30 103
109 42
523 34
153 117
153 445
153 124
165 153
445 408
445 391
408 249
117 253
117 434
264 165
225 153
391 98
165 267
434 438
438 383
98 34
47 438
117 326
242 165
267 184
65 47
249 71
124 108
220 434
326 444
256 383
249 186
34 459
145 117
466 98
186 295
459 268
186 521
324 295
7 97
30 97
298 97
327 97
421 327
366 298
327 399
136 97
67 366
475 30
193 97
52 421
7 312
252 298
443 421
312 322
496 7
518 7
67 455
312 75
126 443
25 312
14 25
327 425
30 369
252 144
67 238
331 25
19 322
296 7
75 464
425 240
366 175
19 229
97 186
103 281
103 185
353 103
401 281
353 51
271 281
401 5
430 51
358 353
281 482
51 50
302 103
271 148
353 39
281 251
185 207
50 328
281 94
512 401
430 309
100 251
231 39
166 50
302 467
467 355
358 114
59 103
137 512
461 207
149 281
146 355
309 22
15 114
38 309
52 281
337 73
90 337
73 452
379 90
16 379
452 288
73 480
452 448
16 142
480 233
112 142
452 180
73 131
131 333
504 448
236 73
131 507
10 452
10 84
257 379
257 428
84 440
436 233
517 440
84 345
517 348
131 20
288 105
504 375
66 10
246 233
118 452
452 167
402 90
238 337
181 431
380 181
209 431
209 198
181 187
181 45
380 307
344 181
307 27
170 307
484 209
394 484
170 195
226 195
377 195
498 307
485 498
498 203
377 177
28 170
27 230
198 287
209 412
247 380
24 247
177 388
45 439
462 24
485 155
170 294
12 394
508 209
12 179
386 177
184 181
33 321
304 321
33 127
245 321
255 245
33 413
477 245
321 382
321 150
127 129
255 113
113 336
194 382
245 21
113 371
150 432
127 260
483 33
413 48
87 413
92 48
200 194
133 113
465 321
315 432
255 8
432 244
79 336
154 321
113 493
413 356
96 244
127 54
514 79
67 321
286 82
323 286
323 470
409 323
77 470
77 457
457 449
463 457
456 463
470 487
243 456
487 202
392 77
308 456
323 520
192 308
243 419
130 409
316 470
451 463
11 308
130 433
192 168
139 409
286 191
297 451
168 476
316 109
330 130
130 121
433 222
218 121
349 476
173 316
312 286
204 182
204 49
393 204
237 204
68 182
400 393
204 95
426 237
49 223
368 95
214 182
241 182
405 400
26 68
26 269
468 68
78 241
78 329
426 206
95 196
95 290
361 223
23 368
237 58
468 259
128 259
479 405
68 397
241 261
505 49
397 18
49 61
214 502
78 56
253 182
501 250
501 60
36 60
110 36
213 110
250 53
522 213
239 522
53 511
69 522
86 53
239 171
171 219
83 53
254 110
36 278
88 53
458 88
311 36
292 522
69 201
416 501
88 1
250 31
292 450
273 69
523 110
201 378
1 282
239 101
435 458
1 80
160 110
450 157
405 250
89 274
506 274
99 89
178 99
178 422
89 357
491 422
357 132
132 125
212 422
390 506
89 159
293 125
159 216
478 274
293 488
488 453
17 178
293 415
411 212
422 473
389 357
422 272
473 265
357 317
2 212
40 125
513 17
274 334
272 469
376 99
70 334
85 334
41 317
128 274
503 472
398 503
279 472
503 158
279 57
262 158
364 279
472 3
276 57
279 346
224 262
398 258
3 37
57 342
346 283
398 381
163 398
270 158
32 57
319 503
224 183
163 341
262 359
279 4
164 319
224 300
35 37
310 319
3 140
490 364
74 158
332 364
76 270
335 74
7 472
338 232
93 232
93 205
338 235
235 120
351 120
44 338
351 43
9 120
13 205
72 235
44 46
263 46
235 211
460 46
516 211
429 13
338 169
351 42
460 318
211 474
248 120
42 123
429 174
424 169
13 500
120 442
13 266
291 169
340 174
418 516
351 106
234 460
120 210
338 60
143 492
176 143
363 492
492 138
410 492
481 410
325 138
289 363
410 407
481 134
138 370
494 407
134 107
515 138
138 403
486 176
305 289
410 320
350 143
63 410
497 492
446 370
325 417
189 446
325 285
104 515
417 303
447 189
284 320
407 347
410 208
492 510
447 141
135 107
143 521
395 275
277 275
275 161
277 122
395 384
115 122
277 228
115 427
384 314
314 313
161 91
313 509
275 343
313 360
313 437
102 395
280 275
172 313
385 427
427 55
373 509
119 277
227 280
441 227
314 301
6 427
427 489
111 172
367 111
396 360
306 111
499 306
280 147
307 275
29 404
404 406
217 404
217 387
406 354
217 471
471 162
354 190
406 116
374 116
339 374
64 116
152 354
64 420
454 471
116 414
217 372
495 372
199 339
519 64
339 352
81 29
152 62
199 151
197 151
151 299
362 162
29 188
215 188
471 221
423 62
156 299
197 365
29 147
203 25
35 156
35 186
186 17
199 17
178 17
112 186
199 141
64 35
59 64
162 35
186 161
176 112
38 64
82 186
135 35
146 141
59 60
59 171
32 146
146 142
46 171
65 162
131 146
142 125
131 75
29 140
140 37
140 175
37 196
123 37
29 10
10 62
121 175
185 29
100 123
37 66
121 136
52 62
185 168
185 122
175 84
105 140
170 185
37 5
9 105
18 10
190 105
10 173
201 66
88 190
29 156
96 94
160 96
203 96
94 149
148 94
96 102
102 4
165 149
148 120
3 149
68 160
27 4
165 154
126 102
91 148
177 91
4 119
109 91
149 78
14 68
165 182
27 51
14 97
148 157
157 133
94 141
47 48
15 48
191 47
191 44
31 15
48 107
191 53
48 183
53 180
191 86
86 26
53 198
124 183
114 53
86 138
124 158
124 99
114 167
19 99
147 183
15 197
1 197
198 172
98 147
48 123
45 73
61 45
73 145
45 163
54 61
36 45
61 106
45 174
106 104
143 104
54 195
163 192
79 145
111 174
163 95
20 45
143 139
95 108
108 2
71 45
169 20
28 36
106 188
127 2
107 73
40 23
40 115
155 23
39 23
39 42
76 155
40 8
40 77
6 115
115 184
23 58
56 8
12 184
159 155
184 151
115 116
70 12
155 166
89 159
113 42
89 57
76 50
155 80
13 57
174 23
129 67
110 129
153 129
153 81
129 194
134 194
110 144
33 110
194 16
90 16
194 179
129 103
55 16
85 110
202 55
164 16
200 179
21 153
22 202
21 87
130 90
24 21
200 193
43 85
60 129
7 187
187 25
41 187
25 137
11 7
49 41
72 7
11 101
92 72
92 118
150 72
83 25
41 34
83 181
69 72
118 93
189 83
189 63
152 187
25 128
41 30
7 117
83 74
132 7
7 112
1093 49
41 742
742 737
41 185
41 353
353 428
696 737
18 428
874 18
887 742
696 913
669 18
185 658
730 353
2 887
18 328
737 93
874 38
93 935
1014 2
207 887
309 18
866 730
887 629
517 38
971 935
527 874
16 696
683 737
623 353
353 369
613 369
866 364
527 1073
531 669
535 887
12 517
175 364
910 935
737 228
613 491
658 238
786 623
472 696
175 425
874 298
436 527
38 525
477 491
527 308
640 617
721 640
569 617
877 569
617 151
900 640
721 109
569 394
385 877
1027 721
640 820
104 151
417 640
161 394
850 900
877 784
184 417
104 648
569 942
933 721
149 721
515 569
933 746
329 877
817 877
106 149
877 814
48 820
900 708
96 106
106 33
96 447
721 772
385 476
722 648
909 109
820 813
708 127
131 127
990 721
990 621
880 151
259 722
898 151
708 977
621 642
1040 990
642 360
1027 1059
617 737
412 4
256 412
612 256
4 750
4 739
612 73
4 983
612 524
524 674
739 155
98 739
705 739
444 4
225 750
1045 983
412 1036
544 4
1047 705
739 270
954 4
4 1081
73 312
466 524
444 545
225 785
1086 983
572 983
212 225
424 412
631 572
341 155
416 466
524 429
444 899
270 758
4 980
412 757
757 397
165 758
1047 399
412 289
1081 241
429 315
975 270
975 792
868 412
899 833
988 256
855 545
525 412
780 678
780 641
641 911
780 637
1090 637
972 637
917 637
735 1090
232 917
735 741
641 199
637 453
735 774
973 735
232 1093
917 368
435 972
972 6
774 966
780 291
1090 365
966 771
368 423
637 330
911 542
751 291
368 1066
966 668
911 763
449 6
780 676
283 966
453 143
6 974
1084 1090
361 974
917 886
763 567
463 199
433 368
19 637
1016 1090
423 448
974 615
484 973
678 879
190 917
471 484
676 803
41 678
646 510
510 526
960 510
342 526
960 992
605 526
992 1006
767 960
646 390
960 1048
1064 1048
1006 997
1048 824
646 634
495 646
191 510
767 639
504 1064
217 639
824 434
822 1064
767 371
191 1009
23 390
1048 396
992 858
698 1009
526 235
23 827
537 191
1067 767
240 371
107 537
1009 300
605 198
50 240
300 1055
136 605
1067 457
80 858
31 198
47 1006
571 646
960 845
782 858
264 50
516 782
191 949
840 571
877 646
957 487
652 487
297 652
652 323
323 511
226 511
511 754
815 226
297 216
226 624
957 437
231 226
439 754
596 487
323 946
323 195
195 49
946 733
609 754
487 196
905 216
702 297
297 233
1082 652
487 333
196 783
247 783
297 673
333 967
481 231
889 511
481 711
233 1039
673 443
799 783
1051 439
60 946
305 673
946 807
1035 807
645 799
807 415
126 624
1082 959
177 1051
596 740
996 702
625 297
487 622
957 149
253 856
904 253
426 856
332 904
456 426
904 164
591 456
332 826
826 732
1028 253
854 456
406 854
934 904
479 253
719 406
500 456
854 1074
464 456
798 164
178 719
164 585
500 344
610 732
500 712
732 1054
426 68
178 497
170 164
164 87
271 497
655 464
363 655
638 719
464 1062
332 707
591 1018
178 860
218 856
969 218
497 1021
363 36
585 430
712 373
497 254
610 486
655 118
1074 848
456 736
856 644
453 253
335 893
335 290
292 893
1083 290
290 32
335 8
789 1083
8 338
8 918
834 8
32 651
611 335
893 306
335 963
8 1025
267 834
1002 267
838 918
1083 84
599 651
1025 244
335 24
1002 20
893 1060
338 168
727 611
250 8
20 666
42 789
635 963
834 370
768 8
651 120
147 370
834 694
20 689
197 244
197 518
647 250
407 838
62 599
147 796
1083 431
273 290
145 689
1083 137
86 611
244 268
921 1002
335 879
205 1052
205 852
404 1052
205 162
162 132
404 582
744 132
501 1052
582 496
404 307
1052 384
865 1052
162 528
865 1076
528 747
205 597
501 204
245 747
597 522
223 747
384 649
132 831
549 162
991 852
39 865
614 522
1070 865
245 994
1070 54
1049 384
986 744
984 1049
1089 614
650 54
205 718
781 865
277 781
994 857
891 718
162 408
614 945
747 103
549 320
157 891
857 703
404 955
380 1049
703 327
606 597
205 1073
108 17
579 108
55 579
697 17
55 1053
337 697
697 723
697 28
654 55
337 483
715 337
17 594
17 122
715 686
594 219
345 122
686 1010
462 483
462 749
462 1031
475 219
318 55
17 766
1008 686
445 219
654 519
492 475
209 1008
1008 282
948 475
427 697
55 372
849 579
372 1034
26 55
215 337
766 846
152 846
63 427
1053 777
766 45
766 377
552 686
594 242
1034 620
70 318
121 28
22 372
604 766
108 42
688 564
688 530
530 842
564 156
530 557
842 382
316 382
564 183
704 156
557 252
919 316
156 871
842 275
530 246
316 249
530 664
252 326
871 159
249 458
382 119
458 102
664 366
688 760
618 919
421 530
249 1019
618 97
102 59
618 553
421 451
842 657
322 688
130 919
451 438
382 350
660 119
414 59
275 728
564 923
925 249
871 1023
44 275
823 183
970 350
760 278
574 156
326 57
573 382
760 376
1074 688
375 1
392 375
117 1
117 532
532 1071
1071 357
261 357
357 37
1 844
1022 261
1032 1
1001 357
532 214
113 1022
392 729
586 117
321 586
1077 1
523 586
174 586
139 586
523 938
710 1
1022 853
229 357
532 29
586 460
276 375
726 523
1077 1000
532 420
532 939
853 220
214 677
706 1
882 214
174 794
202 392
133 321
939 11
677 716
870 392
140 229
442 844
334 532
981 420
229 863
116 229
1022 470
290 1
1029 367
1029 743
1029 682
950 1029
100 1029
592 950
100 797
100 409
413 409
743 563
962 592
656 413
563 681
92 1029
745 413
266 367
541 743
566 592
409 762
656 951
762 468
633 950
908 468
762 713
989 92
459 656
608 563
413 885
468 349
1029 356
21 950
862 409
21 927
401 908
932 951
862 513
222 950
349 924
89 21
201 222
932 224
494 367
95 349
418 592
619 743
713 1058
627 356
1013 418
682 701
367 697
146 883
558 883
558 1063
134 1063
153 558
148 153
558 776
776 626
1057 883
134 851
1057 752
1063 374
628 851
213 153
213 540
213 734
1075 851
146 1015
40 146
540 1007
146 144
770 144
929 851
400 1075
66 134
40 173
883 847
851 593
593 1044
805 400
148 158
805 378
776 778
587 1057
386 158
626 691
386 944
770 894
400 1092
944 446
135 593
752 362
134 765
778 920
587 311
158 25
374 861
1092 509
872 1057
219 146
581 529
912 581
684 581
581 1038
912 547
941 684
529 588
755 547
560 547
581 576
1020 529
912 506
506 869
600 941
493 600
533 506
869 570
529 186
529 51
111 684
15 560
1020 324
581 561
302 15
354 684
529 916
51 575
255 506
1020 189
75 506
937 600
575 514
684 454
279 570
825 916
83 576
30 324
1050 547
498 581
825 502
182 454
46 15
279 940
968 279
99 533
111 34
182 548
188 99
533 556
222 581
469 432
667 469
936 667
690 936
936 257
521 690
432 505
521 7
505 926
667 801
665 257
88 926
521 1069
690 263
512 263
295 690
263 91
91 1056
351 667
1061 1056
521 890
607 667
505 1042
230 295
1061 358
10 936
1042 787
787 583
432 943
295 731
521 313
926 383
679 607
1069 193
687 10
731 112
319 91
295 387
521 914
926 422
187 936
469 293
5 583
1069 616
187 663
230 3
76 936
926 1004
432 149
405 931
931 339
339 194
346 931
1065 194
346 65
14 65
346 58
405 598
339 714
110 194
115 58
906 58
906 830
251 906
465 115
58 601
166 251
203 14
598 281
507 346
680 1065
465 393
65 234
194 1079
94 339
163 931
171 906
906 272
211 346
398 65
995 251
171 695
339 1078
180 115
931 693
979 346
450 693
72 450
234 227
14 490
405 1003
72 764
474 194
867 598
720 72
398 381
474 208
405 949
999 325
546 999
325 285
129 325
947 546
546 473
562 285
129 503
336 947
508 503
473 748
336 829
999 286
285 287
653 287
503 779
359 473
839 285
508 1068
590 839
551 473
590 262
285 738
543 1068
260 546
562 775
562 331
779 280
875 285
546 343
843 546
816 775
791 129
653 269
280 832
503 352
577 947
947 206
359 884
482 269
77 843
577 237
1026 829
947 602
692 260
403 1026
775 534
725 473
999 831
761 630
761 819
761 788
788 584
699 584
821 630
391 584
630 795
347 761
795 901
347 809
172 809
317 391
441 809
584 759
901 239
699 284
239 555
630 756
821 1043
347 965
391 982
759 881
172 160
761 138
69 317
759 1085
811 819
756 864
978 584
520 239
1043 897
1087 978
841 1085
788 43
773 982
172 643
965 828
1043 878
821 804
1085 554
128 584
881 903
630 888
142 761
441 580
841 35
192 1085
874 761
9 179
179 410
53 9
836 53
410 810
125 53
835 9
179 411
976 411
836 114
709 9
71 53
27 179
952 410
976 565
536 27
27 837
724 836
709 876
565 355
952 672
179 304
1088 672
53 662
480 672
411 800
812 836
812 873
769 835
1046 662
565 348
124 304
114 632
671 836
636 709
876 1080
1072 125
800 296
835 81
303 662
243 812
179 961
410 67
559 976
636 90
455 67
355 452
802 304
179 518
105 299
808 105
953 808
808 670
236 670
402 299
402 1005
402 1091
568 1091
105 301
301 340
310 670
248 236
670 922
301 181
181 685
340 150
395 568
74 248
85 568
248 379
310 892
987 379
568 388
314 340
790 85
568 928
670 907
388 818
461 685
181 661
964 181
1012 181
221 808
892 1017
892 56
964 930
1037 56
808 258
953 956
859 395
294 928
85 902
340 896
964 659
467 85
1091 389
922 274
299 967
753 200
753 167
101 167
167 82
200 895
700 101
753 717
101 288
78 200
123 101
288 499
753 538
78 958
539 538
793 82
288 1041
700 176
200 488
13 499
123 589
589 141
154 13
717 210
1041 595
288 915
485 499
210 1011
675 793
985 539
595 61
13 489
169 489
1030 101
210 998
1033 288
700 440
793 478
753 419
176 578
603 595
265 1030
64 753
806 154
52 176
993 895
806 550
1024 998
79 806
229 200
539 23
516 169
516 299
169 476
232 476
476 243
516 215
516 294
169 117
117 204
204 155
353 516
215 195
215 128
232 355
195 367
476 15
169 262
243 308
367 441
339 232
353 246
516 267
505 476
18 138
18 23
23 496
125 138
496 372
18 143
125 124
125 462
460 143
42 460
18 206
462 53
460 102
56 138
263 56
394 124
462 198
198 201
42 439
198 280
124 400
425 400
414 400
155 138
356 457
457 390
159 457
289 159
159 418
457 209
356 210
160 390
210 85
413 160
413 411
160 161
419 356
228 418
85 327
411 97
92 159
502 97
99 210
419 404
289 470
502 531
289 481
23 457
422 393
182 393
393 446
446 71
393 94
71 216
517 94
216 224
393 32
71 70
474 422
82 70
304 70
70 87
131 216
393 21
304 162
422 40
21 237
437 422
63 393
87 6
393 440
439 393
255 471
255 306
300 471
471 269
89 306
89 191
285 300
512 300
255 83
255 249
269 174
255 5
285 305
285 333
249 58
406 306
83 227
245 5
249 91
306 52
329 91
113 58
364 5
159 471
180 167
363 167
4 167
225 4
126 363
225 312
223 225
312 421
118 421
421 507
167 482
167 231
398 507
251 482
314 312
287 507
185 231
276 126
317 507
261 421
132 398
225 465
314 494
390 180
96 389
22 96
527 96
371 22
301 22
72 96
434 301
389 450
301 222
55 72
527 535
435 222
164 434
268 450
527 486
55 491
435 62
122 389
450 16
358 434
96 378
535 77
250 527
227 96
519 335
444 519
335 194
24 194
335 150
150 449
37 150
459 24
150 271
459 498
459 130
253 498
386 519
172 519
51 386
420 172
120 51
420 325
498 309
311 325
111 519
93 120
130 453
519 414
168 343
178 343
415 178
415 526
168 429
526 447
343 29
429 495
29 499
192 178
499 501
370 429
200 29
480 370
192 148
248 495
200 103
532 499
166 447
114 29
532 436
248 12
447 298
474 168
533 463
533 384
279 384
384 451
275 463
409 279
26 463
286 279
451 219
533 402
219 73
179 533
107 73
129 107
320 384
332 179
318 275
26 187
487 318
260 402
41 73
533 407
179 330
419 463
233 133
229 233
233 183
233 34
151 233
183 297
186 233
186 235
57 233
186 202
233 443
354 151
205 202
427 235
443 529
307 354
19 229
196 229
205 464
67 529
397 133
508 19
393 233
469 76
76 60
362 60
60 25
362 288
456 25
331 60
416 469
456 511
78 362
469 524
410 469
60 528
116 362
60 144
68 416
351 331
69 60
78 513
511 376
331 381
116 27
143 76
380 234
234 254
321 234
380 11
321 47
254 242
283 242
142 242
497 47
44 242
10 44
242 207
254 181
240 47
497 59
100 10
181 423
433 47
47 65
380 399
176 283
47 424
234 248
86 152
152 336
86 500
336 136
135 136
152 341
500 154
315 154
154 509
341 324
272 324
334 154
163 341
391 152
272 17
391 296
506 86
341 173
340 391
315 123
163 203
136 525
152 481
277 466
277 149
466 84
149 503
503 115
277 257
277 33
257 461
461 170
8 33
239 503
33 266
466 74
475 277
461 45
170 455
64 475
239 105
445 8
455 385
257 35
445 146
277 453
75 54
75 452
452 291
291 258
134 291
1 134
291 489
467 1
537 1
112 134
28 537
291 352
326 467
493 326
54 428
472 28
472 137
108 493
28 485
537 369
54 39
489 313
102 75
252 417
48 252
106 417
344 252
127 106
127 171
383 106
36 417
252 147
30 344
3 127
518 106
344 426
213 30
2 383
322 147
417 357
30 247
36 458
357 292
322 101
426 88
144 417
38 348
374 348
348 365
377 374
95 348
348 199
38 350
477 365
184 199
49 184
348 264
348 342
49 81
31 477
230 342
95 109
396 31
226 199
538 348
350 211
365 483
220 342
124 348
490 302
139 490
438 302
139 303
522 139
401 438
401 145
522 316
478 438
438 50
9 316
478 405
368 478
121 9
303 214
468 316
214 281
438 392
241 145
392 218
522 14
408 468
302 326
395 190
217 190
359 190
359 61
61 141
395 165
448 61
61 310
61 7
141 520
349 61
208 165
431 310
208 221
359 293
188 61
221 346
375 310
346 157
359 212
514 190
46 221
164 395
347 79
347 484
79 270
158 347
484 361
66 270
66 265
43 347
379 347
484 244
504 379
360 504
158 515
236 484
360 479
360 278
177 347
110 379
90 79
403 278
536 110
158 282
46 347
319 387
510 387
319 274
274 534
521 510
534 338
274 119
432 319
319 492
521 20
454 274
373 274
510 295
521 530
189 319
373 290
189 382
338 388
492 473
521 156
539 473
454 284
77 319
442 345
345 238
442 328
238 193
328 323
323 175
442 256
153 238
323 366
366 412
153 337
197 328
140 442
488 153
13 442
80 197
259 140
488 273
98 256
104 13
256 430
523 256
327 442
208 20
8 43
60 8
124 43
43 5
65 8
36 43
5 53
43 151
65 207
137 151
36 161
207 30
98 36
190 36
1 30
56 1
80 190
26 161
68 56
56 165
149 116
83 116
9 83
123 149
67 123
94 116
123 103
94 205
116 183
83 96
83 152
9 134
96 61
78 116
116 121
116 146
127 116
9 32
134 44
127 70
116 165
125 189
189 112
112 111
77 111
112 199
97 199
95 199
17 199
199 115
189 82
95 55
77 66
111 69
113 125
15 82
77 195
77 128
115 135
82 47
112 147
70 125
57 167
167 129
160 57
167 107
129 130
57 19
167 144
136 129
38 129
187 160
48 167
24 129
24 21
145 48
16 136
37 21
129 138
188 187
167 93
145 22
205 167
42 162
198 42
162 75
173 42
42 92
92 33
162 197
173 79
176 79
126 173
164 75
198 200
173 110
11 110
75 157
7 110
114 200
42 153
110 186
200 2
165 162
10 202
10 182
62 10
62 132
20 62
132 154
87 202
105 154
154 50
23 10
71 87
142 182
154 193
27 154
193 63
172 63
154 185
202 104
133 23
106 10
129 202
109 64
119 109
119 191
64 101
117 109
180 64
101 179
64 181
166 179
181 120
181 203
155 117
109 168
119 88
101 89
181 54
49 119
13 101
206 101
18 64
109 134
74 156
74 171
171 143
156 131
122 74
171 86
28 171
28 85
90 156
86 196
171 140
74 108
148 108
86 100
41 131
6 108
169 6
194 74
174 6
46 74
172 74
204 3
208 3
118 204
208 84
84 178
201 208
178 4
201 175
84 99
99 35
29 4
102 178
40 208
150 204
29 139
208 58
81 175
170 150
81 45
204 124
39 31
177 39
177 76
192 76
12 76
159 31
158 76
192 51
177 141
76 59
192 14
159 25
12 72
184 14
163 184
163 91
51 34
159 73
51 52
31 138
958 43
466 904
466 350
453 904
904 518
518 823
904 142
411 518
888 411
411 24
411 295
466 72
167 350
791 823
888 491
388 823
613 904
167 749
823 785
564 411
53 491
55 295
53 918
738 453
162 918
823 531
350 92
791 209
823 408
888 554
518 481
92 799
738 183
570 53
661 570
453 36
183 524
414 408
340 72
27 904
918 275
55 865
904 808
531 513
166 839
899 166
166 744
744 457
899 734
465 839
535 734
305 465
744 699
219 465
404 699
442 839
648 839
535 864
574 457
864 160
11 648
790 457
305 331
905 166
442 346
218 457
648 251
463 331
346 730
951 218
515 11
617 864
574 919
241 790
305 800
839 171
821 951
821 424
508 463
463 172
707 734
864 336
744 872
297 734
574 10
219 694
171 85
839 554
177 249
249 752
396 249
540 249
177 920
696 396
752 948
723 540
752 857
249 479
723 434
31 696
552 723
752 245
552 250
723 178
257 434
838 948
258 249
698 434
701 178
696 455
177 300
66 857
801 258
838 788
819 698
245 233
698 417
752 380
44 698
948 623
788 93
181 948
159 788
124 31
788 890
470 66
801 428
434 430
258 889
258 901
75 257
661 249
851 108
108 772
108 422
422 675
772 877
881 851
772 941
772 216
68 881
108 596
851 595
595 874
596 736
360 851
681 881
843 772
851 224
881 291
879 291
942 772
772 669
645 942
724 736
877 810
923 942
422 934
923 747
874 591
681 76
736 647
926 596
361 881
237 874
596 384
586 675
926 767
539 851
810 619
736 363
881 272
681 626
851 271
108 303
851 918
471 111
111 193
674 111
471 856
755 111
639 471
755 883
193 101
141 193
769 639
593 674
769 116
397 116
101 254
674 398
639 628
573 769
883 633
184 193
254 286
398 492
573 487
440 755
173 254
492 153
438 674
313 141
895 633
755 816
573 314
116 306
739 254
541 487
895 649
345 639
492 794
173 625
769 841
335 173
15 398
541 644
769 188
141 684
85 471
875 12
875 947
947 282
370 947
571 947
914 12
374 571
571 501
97 12
780 12
646 571
501 359
793 571
632 97
102 359
768 632
947 957
875 318
947 686
374 208
368 914
70 97
507 914
632 776
387 947
924 780
632 373
444 359
130 776
102 35
525 374
1 686
831 444
659 318
646 670
571 329
374 134
523 947
208 285
793 690
102 688
588 12
768 609
800 12
95 325
325 504
325 230
325 468
722 325
482 325
468 685
292 468
415 482
710 504
603 685
452 230
616 230
897 482
292 154
269 415
269 811
672 415
616 364
718 292
809 95
269 64
25 603
812 672
103 812
722 449
468 330
603 533
672 57
292 112
449 932
155 103
436 364
7 155
489 364
580 95
57 476
378 809
7 585
255 415
580 494
910 710
672 528
417 95
542 548
760 548
450 542
928 542
642 548
409 928
642 99
762 99
323 450
820 928
302 820
898 99
450 691
441 450
401 642
762 293
542 587
136 542
542 537
169 548
762 763
925 587
99 13
107 441
156 587
354 537
365 99
260 820
711 691
323 732
99 510
365 483
660 587
5 763
450 757
307 762
867 260
928 803
886 711
307 40
762 425
891 136
691 940
124 542
406 825
406 309
754 406
825 326
939 754
353 939
939 220
534 220
825 22
740 309
908 309
840 939
534 753
622 309
908 782
519 220
726 534
849 519
849 577
726 581
18 309
908 695
351 754
309 604
226 726
908 853
930 353
655 840
326 308
818 406
151 655
581 170
170 781
351 347
277 326
170 310
238 226
849 902
268 220
238 4
840 451
50 726
18 594
785 825
848 204
848 521
848 668
320 668
298 668
846 668
204 215
37 204
692 848
566 37
320 202
770 668
936 204
45 566
412 668
315 202
215 229
668 266
229 721
545 846
349 202
638 846
412 262
668 448
458 545
320 750
693 668
620 266
936 84
900 298
117 448
936 248
315 211
637 202
394 448
385 846
207 412
37 751
526 204
936 62
394 815
262 386
448 859
204 346
342 478
312 342
478 104
104 544
312 944
560 544
337 478
369 944
337 446
745 104
558 745
538 478
553 104
446 650
860 558
337 328
333 369
301 478
180 333
514 944
446 927
337 876
903 369
714 446
944 598
342 473
179 714
938 714
927 225
553 51
301 795
180 547
572 446
650 382
21 714
547 835
682 342
629 179
123 514
572 737
120 312
342 206
392 938
898 342
827 174
827 16
602 16
16 418
148 174
756 16
418 516
486 148
958 827
174 362
150 827
174 870
870 766
467 766
870 499
506 756
67 516
499 79
246 506
243 756
355 958
163 602
234 516
16 728
454 958
341 602
46 418
658 355
246 399
766 231
499 122
657 243
454 702
614 341
506 317
418 627
467 113
54 486
549 67
431 243
63 341
583 756
454 86
598 174
261 413
158 261
143 413
375 261
143 796
158 304
78 796
38 375
556 304
32 38
796 673
796 652
143 498
158 203
654 375
654 943
652 935
716 261
158 410
78 259
140 78
114 259
143 774
410 687
78 797
143 201
140 855
304 522
259 584
410 119
294 38
34 114
716 419
676 201
654 456
687 460
267 143
158 407
460 719
261 832
316 687
240 259
261 539
834 213
429 834
748 429
748 850
805 834
850 332
213 509
805 48
429 236
561 509
389 236
429 568
332 615
236 462
332 863
931 561
863 567
509 47
615 579
909 863
429 878
878 377
804 429
916 47
529 834
239 863
139 236
887 850
834 720
509 683
332 873
742 615
488 931
488 892
931 949
236 445
509 14
289 48
161 804
771 804
887 357
742 88
834 658
555 475
475 917
612 555
475 252
555 664
612 265
281 252
917 697
146 612
59 612
129 146
555 290
612 196
953 252
290 52
495 59
697 773
96 612
59 339
96 858
664 58
96 576
612 461
829 461
252 643
137 475
390 461
773 356
356 666
912 96
612 758
712 252
953 828
621 697
279 356
729 279
912 651
643 100
576 569
729 575
643 138
475 372
475 645
191 954
433 954
480 191
954 709
199 954
191 126
480 608
611 709
186 709
862 709
121 480
813 433
191 826
186 222
175 480
653 199
946 862
334 175
946 735
946 42
433 852
562 186
480 423
830 480
608 784
861 830
73 334
789 186
423 118
709 833
830 212
880 73
562 520
624 608
157 191
94 608
191 288
641 222
118 343
121 144
152 118
288 402
954 5
247 822
247 871
665 822
635 665
775 635
665 656
247 952
635 490
822 327
822 106
871 868
656 82
327 90
854 90
327 663
247 618
383 952
582 665
565 663
605 383
469 618
671 469
327 33
786 822
656 741
232 490
244 871
33 165
618 439
565 127
469 921
618 192
565 956
741 464
210 106
921 49
366 247
321 210
247 437
680 210
656 530
778 741
36 247
149 783
634 783
746 634
814 149
227 746
792 783
792 28
783 223
223 950
60 814
223 115
792 798
640 792
836 227
223 205
253 950
746 168
727 640
145 223
814 837
746 662
836 933
28 459
792 869
132 950
132 761
640 29
727 352
640 270
511 223
205 636
358 511
227 706
869 371
922 814
17 205
551 223
81 551
132 913
29 125
28 777
563 836
469 149
9 824
9 517
824 400
376 824
376 703
9 278
91 703
9 847
197 847
197 601
9 185
847 704
87 704
559 87
278 319
703 105
263 704
400 56
185 256
256 217
376 713
493 517
536 847
765 824
319 427
759 400
200 536
559 817
263 787
376 19
765 484
606 559
517 894
187 787
893 185
787 764
19 421
381 894
221 400
56 65
806 217
65 41
385 824
110 502
802 502
110 678
502 915
915 866
802 98
802 807
866 599
802 30
599 322
866 61
512 322
955 502
884 322
502 3
98 477
477 597
512 190
69 599
667 61
607 667
597 296
30 273
866 907
502 882
435 512
190 911
945 884
955 23
607 274
420 30
274 284
2 273
284 885
597 89
98 194
474 667
667 379
182 667
89 700
190 485
379 505
97 502
472 348
348 610
543 472
543 630
348 299
630 20
630 43
348 133
630 344
896 630
299 443
344 26
403 133
426 443
600 20
426 432
546 299
589 133
80 403
679 630
26 235
109 543
71 630
83 109
43 578
235 242
147 20
189 679
844 80
8 71
845 26
600 592
527 133
311 8
135 242
287 20
447 71
164 589
395 348
532 432
280 311
527 128
154 472
6 842
500 6
195 6
500 283
500 338
733 842
338 731
195 405
500 324
214 733
550 214
264 733
264 590
731 779
393 283
176 393
937 842
214 677
393 503
779 557
405 717
195 391
631 550
779 198
228 550
500 496
503 497
842 725
705 391
39 937
496 77
743 195
779 416
689 677
131 937
176 715
929 715
276 497
228 906
391 74
6 708
367 276
845 842
917 32
427 626
445 626
626 690
100 427
100 917
758 917
626 374
342 758
687 917
486 687
796 445
100 333
427 325
7 445
374 280
7 495
495 870
193 325
626 550
870 44
641 495
273 374
801 193
86 917
700 801
917 404
70 427
427 64
287 495
532 64
226 193
913 917
742 868
871 742
797 742
868 352
271 868
797 859
701 742
859 491
701 144
417 491
271 406
119 701
144 146
271 80
46 352
500 80
859 52
417 159
824 80
382 271
847 500
622 352
481 144
246 824
246 794
644 847
264 352
246 175
318 859
883 847
271 328
328 323
687 742
63 494
806 494
422 63
145 63
589 145
767 63
298 422
298 309
422 911
679 63
422 315
574 494
145 757
911 643
631 589
898 145
501 494
513 767
609 757
631 623
205 298
494 371
572 898
455 589
309 194
911 112
494 527
422 469
443 194
205 356
628 356
443 416
859 494
578 177
177 599
177 520
520 686
135 578
598 177
116 599
686 650
135 565
418 578
650 569
598 47
650 390
877 47
170 390
520 885
788 599
177 90
344 877
90 188
102 599
37 90
691 565
901 599
102 853
390 204
719 177
190 565
116 903
258 598
27 102
116 397
445 578
595 295
253 295
601 253
253 467
485 467
890 253
554 295
295 168
900 554
168 219
467 905
358 253
554 872
470 168
554 215
185 900
349 219
372 890
890 432
729 168
595 907
223 554
688 295
349 158
223 438
906 438
69 601
363 906
363 166
295 849
191 358
890 787
295 46
580 25
25 721
740 580
709 740
580 369
627 580
627 760
740 229
35 740
321 580
721 196
35 4
709 22
229 353
196 225
627 762
35 620
91 760
229 235
369 186
229 150
35 487
150 591
34 321
721 840
235 156
235 819
34 608
302 840
197 302
620 104
845 4
580 406
261 884
228 261
228 114
114 51
778 51
195 884
114 75
778 320
279 114
568 320
51 93
195 247
51 111
93 613
261 750
93 506
827 75
475 320
884 98
54 613
891 613
51 42
237 827
778 155
199 155
704 199
108 155
42 413
778 447
42 619
123 413
195 509
884 47
357 214
357 182
182 776
121 214
776 147
335 147
761 214
702 761
734 335
121 240
53 182
138 121
681 357
121 396
396 611
761 854
77 396
319 681
121 224
694 224
886 776
136 761
854 732
53 450
68 138
507 732
357 861
68 437
874 396
88 357
630 319
694 834
214 506
800 649
781 649
161 649
800 163
161 696
665 781
200 649
665 415
266 665
161 386
585 800
781 746
781 137
20 746
20 738
149 163
748 649
781 212
149 562
505 149
625 149
562 552
201 505
498 696
201 210
748 89
426 696
585 172
505 736
736 637
674 200
172 821
470 800
464 902
384 464
423 902
464 15
581 902
464 515
866 15
45 464
139 45
515 151
661 423
384 713
45 771
15 904
780 139
515 539
698 713
515 490
110 780
902 269
139 556
19 464
242 151
866 276
19 537
693 464
242 638
713 126
537 317
490 85
829 537
547 242
464 158
24 341
341 425
810 341
213 341
49 24
341 5
233 810
823 810
462 341
233 799
733 49
799 715
286 24
213 38
233 731
799 82
24 916
364 733
425 310
799 820
711 24
213 471
341 677
71 425
5 703
810 140
813 71
141 733
248 703
544 703
820 385
392 703
849 24
304 675
488 675
488 211
488 3
675 632
211 828
366 3
675 239
74 304
887 239
594 632
130 239
828 855
179 488
618 488
739 488
402 366
549 855
887 478
56 618
523 828
571 739
892 304
570 402
256 74
30 256
370 632
618 621
74 129
523 751
594 55
308 675
304 341
291 551
431 291
171 551
660 551
551 521
551 777
880 777
521 668
669 777
314 880
142 431
526 171
526 401
526 538
171 10
521 367
777 465
76 669
538 477
538 399
784 142
869 784
171 647
538 561
171 148
815 869
697 465
652 880
858 526
504 669
31 431
260 314
291 145
348 818
348 428
154 818
84 154
154 710
804 348
664 710
672 710
348 209
844 348
765 428
832 664
503 765
615 765
484 428
705 503
84 238
894 84
615 528
21 705
338 832
528 612
659 154
818 28
209 326
209 577
612 725
340 844
705 234
410 844
395 28
326 217
464 818
727 245
245 441
245 882
727 576
576 634
245 811
882 764
727 540
236 540
882 249
272 764
249 180
272 274
305 249
118 272
745 441
272 296
634 519
373 180
424 274
180 40
597 272
241 634
39 236
436 811
724 436
540 387
245 293
339 180
40 12
745 846
514 296
245 193
307 809
809 169
307 95
726 809
307 454
454 62
454 473
583 95
454 678
62 330
95 735
95 640
473 365
454 712
726 536
802 809
365 496
62 6
666 583
802 65
856 6
133 712
412 536
763 330
473 512
162 712
888 640
65 593
81 62
277 726
454 435
888 728
307 129
542 2
2 281
131 2
131 257
131 153
842 2
542 61
542 642
281 645
131 255
670 842
414 61
131 206
257 517
94 517
206 864
548 517
257 689
914 642
281 134
176 842
642 564
533 864
251 94
624 153
419 548
153 301
790 255
183 533
281 499
131 355
772 206
542 277
879 555
1 555
879 876
876 662
656 662
915 656
14 1
535 1
648 662
754 656
50 14
754 288
879 766
754 381
766 430
288 584
876 189
754 461
189 779
429 656
189 13
656 663
766 23
876 48
492 189
202 555
377 23
793 377
461 789
1 282
837 381
663 329
578 879
97 124
124 600
9 124
60 124
9 43
716 9
97 101
699 600
109 716
43 347
43 614
716 262
502 101
324 600
614 770
600 769
614 391
207 347
311 262
590 311
391 586
388 60
699 376
29 9
29 683
895 683
101 32
105 311
262 316
17 376
814 32
322 311
124 648
127 360
127 808
862 127
41 862
300 127
480 862
41 334
334 294
680 808
41 380
300 203
11 680
582 334
480 270
449 270
127 115
360 283
654 294
605 360
646 380
127 908
908 497
361 203
792 361
220 808
449 865
680 468
782 497
480 717
605 912
680 873
456 792
360 224
128 405
405 181
181 592
752 128
181 143
128 398
752 560
531 560
405 489
218 128
128 164
346 143
444 218
474 531
285 398
685 218
398 860
752 221
403 860
753 489
187 285
825 221
752 863
346 178
753 791
463 285
336 463
128 803
836 803
187 331
164 510
768 863
405 576
897 747
303 747
303 458
604 897
458 559
857 897
16 857
303 459
559 774
66 604
897 345
881 458
345 173
848 897
629 604
290 629
559 910
774 453
59 629
483 16
16 635
511 881
16 36
125 857
848 79
511 783
525 857
16 227
78 79
78 167
881 208
747 873
737 476
737 843
476 113
440 843
113 284
254 737
113 651
737 636
692 636
259 737
684 254
737 452
254 603
617 254
292 603
617 378
400 603
617 658
254 653
120 259
636 448
875 448
26 636
452 749
658 174
730 113
278 254
476 878
292 337
327 259
667 400
737 189
822 33
850 33
18 822
543 33
263 543
798 850
312 33
407 18
867 798
850 795
822 909
389 822
741 798
850 117
543 8
263 896
741 267
439 18
267 184
409 117
103 896
741 573
896 522
822 805
33 671
407 198
57 896
909 460
838 850
407 841
671 222
614 33
553 807
553 518
518 313
482 553
546 313
332 482
313 508
332 375
546 657
313 682
714 518
518 831
707 375
695 682
508 442
482 299
332 558
606 707
558 708
708 457
708 87
833 482
231 707
831 596
682 639
831 493
596 434
362 482
759 831
682 252
152 87
553 881
343 566
530 343
73 343
394 566
394 852
446 852
73 232
566 785
529 530
529 393
73 817
132 393
567 73
785 579
817 243
575 530
343 383
393 588
306 588
835 393
411 785
232 420
567 58
530 744
96 579
216 588
567 557
817 72
420 67
393 83
83 723
898 343
830 421
655 421
655 610
756 421
265 756
775 756
99 756
265 899
99 773
563 773
563 379
265 479
472 655
524 563
775 351
472 289
545 99
563 786
786 433
812 655
99 743
466 289
230 265
826 756
889 433
99 839
99 516
160 743
602 421
165 421
655 244
911 830
893 157
157 616
587 893
275 587
616 541
722 275
541 354
250 616
722 451
673 541
676 451
607 541
851 587
192 676
587 816
354 107
587 408
451 534
122 541
275 297
250 755
359 107
359 92
368 359
451 268
718 722
706 192
350 268
722 633
122 106
354 720
157 58
282 20
181 264
181 221
150 264
135 150
150 241
150 152
152 3
3 107
229 241
194 3
18 135
3 34
229 165
264 248
165 57
61 264
236 18
152 186
118 165
260 18
115 126
249 126
239 249
270 115
270 24
239 58
239 166
24 36
24 9
239 215
255 115
259 166
259 130
245 58
85 115
8 9
245 258
85 144
89 249
255 26
61 115
64 91
91 162
64 188
162 141
206 64
188 178
44 91
91 276
141 202
91 282
44 268
151 282
91 261
116 64
230 268
206 47
178 237
231 44
237 88
107 64
273 98
98 208
273 184
97 273
159 184
228 273
246 208
184 77
184 16
273 50
228 113
271 159
208 192
184 244
98 80
96 271
53 208
77 73
78 113
273 85
201 102
102 232
102 71
232 169
169 227
56 227
68 201
201 200
200 235
68 45
227 164
45 189
251 164
71 187
195 71
189 65
95 164
79 251
95 183
102 162
33 94
33 173
94 163
173 133
222 94
182 33
51 133
222 55
55 225
182 233
43 51
225 214
163 196
55 180
216 225
148 55
132 148
222 160
173 28
57 94
101 19
204 101
145 204
19 272
19 82
101 175
175 191
7 19
7 22
74 22
145 161
191 219
62 19
17 19
30 62
252 17
253 74
140 253
272 281
19 276
256 42
42 112
274 112
100 256
203 100
112 123
31 100
100 104
75 203
218 100
66 203
174 31
122 112
104 224
147 100
174 247
174 114
174 212
176 66
256 133
205 111
106 205
205 60
134 106
81 60
106 67
240 134
240 20
280 205
1 134
279 240
20 234
106 87
234 117
39 87
280 2
111 59
81 14
168 59
205 259
266 171
138 171
138 278
250 266
171 199
278 23
250 265
109 265
265 170
265 185
171 35
70 170
35 142
4 138
35 10
207 4
93 109
4 172
138 209
165 171
11 76
76 92
103 11
136 76
177 103
269 76
5 136
269 21
269 108
5 13
143 269
242 13
177 226
127 108
69 76
139 69
128 269
193 108
41 5
76 1
213 125
37 213
37 154
213 254
37 105
254 6
129 125
6 156
254 63
6 262
6 54
254 275
83 275
213 223
210 54
125 52
37 220
220 155
153 83
213 162
48 29
46 29
49 29
49 90
243 46
110 90
49 121
49 40
131 48
120 121
179 131
48 167
131 124
158 40
25 131
257 25
131 217
120 12
86 29
48 194
211 267
137 211
137 119
157 211
146 137
72 119
119 99
149 137
38 157
198 72
32 146
137 27
15 157
137 84
190 146
137 238
119 197
84 263
277 211
267 7
165 20
109 149
149 58
49 58
109 6
12 109
12 8
140 149
140 138
12 39
49 78
123 58
90 78
121 8
78 130
49 69
39 38
133 109
106 39
69 57
53 12
74 143
74 46
46 26
143 30
71 26
139 143
25 139
92 26
3 139
92 161
93 92
161 2
30 91
161 27
161 77
32 93
26 98
100 71
143 51
25 141
58 74
1 147
147 33
86 147
105 1
43 147
72 33
21 33
147 144
147 52
72 36
36 146
13 105
86 104
105 110
21 113
119 33
144 61
13 81
104 162
45 36
147 161
108 7
7 82
108 48
7 37
37 89
89 125
87 48
108 84
118 89
37 29
7 131
75 48
150 87
18 75
16 150
48 40
15 87
7 96
66 89
152 84
71 7
44 157
54 157
14 54
67 54
67 103
44 156
157 102
129 44
14 85
11 14
54 97
124 11
70 157
41 102
103 73
137 11
145 54
41 127
73 155
73 55
7 44
115 135
135 165
115 56
56 31
64 56
56 99
115 154
94 115
80 115
128 99
122 135
80 111
134 80
107 94
88 94
23 80
56 20
34 20
136 128
161 115
153 114
153 95
22 114
95 112
112 47
22 68
17 22
101 47
19 47
83 112
65 95
22 5
159 153
19 120
101 142
22 9
117 153
68 164
153 116
153 26
63 24
63 60
63 132
28 60
59 60
59 79
28 10
76 132
76 4
62 79
35 10
151 59
163 60
60 148
62 160
158 79
126 160
42 24
148 50
71 63
