2
50000 50000 999
10 42
20 18468
30 6335
40 26501
50 19170
60 15725
70 11479
80 29359
90 26963
100 24465
110 5706
120 28146
130 23282
140 16828
150 9962
160 492
170 2996
180 11943
190 4828
200 5437
210 32392
220 14605
230 3903
240 154
250 293
260 12383
270 17422
280 18717
290 19719
300 19896
310 5448
320 21727
330 14772
340 11539
350 1870
360 19913
370 25668
380 26300
390 17036
400 9895
410 28704
420 23812
430 31323
440 30334
450 17674
460 4665
470 15142
480 7712
490 28254
500 6869
510 25548
520 27645
530 32663
540 32758
550 20038
560 12860
570 8724
580 9742
590 27530
600 779
610 12317
620 3036
630 22191
640 1843
650 289
660 30107
670 9041
680 8943
690 19265
700 22649
710 27447
720 23806
730 15891
740 6730
750 24371
760 15351
770 15007
780 31102
790 24394
800 3549
810 19630
820 12624
830 24085
840 19955
850 18757
860 11841
870 4967
880 7377
890 13932
900 26309
910 16945
920 32440
930 24627
940 11324
950 5538
960 21539
970 16119
980 2083
990 22930
1000 16542
1010 4834
1020 31116
1030 4640
1040 29659
1050 22705
1060 9931
1070 13978
1080 2307
1090 31674
1100 22387
1110 5022
1120 28746
1130 26925
1140 19073
1150 6271
1160 5830
1170 26778
1180 15574
1190 5098
1200 16513
1210 23987
1220 13291
1230 9162
1240 18637
1250 22356
1260 24768
1270 23656
1280 15575
1290 4032
1300 12053
1310 27351
1320 1151
1330 16942
1340 21725
1350 13967
1360 3431
1370 31108
1380 30192
1390 18008
1400 11338
1410 15458
1420 12288
1430 27754
1440 10384
1450 14946
1460 8910
1470 32210
1480 9759
1490 24222
1500 18589
1510 6423
1520 24947
1530 27507
1540 13031
1550 16414
1560 29169
1570 901
1580 32592
1590 18763
1600 1656
1610 17411
1620 6360
1630 27625
1640 20538
1650 21549
1660 6484
1670 27596
1680 4042
1690 3603
1700 24351
1710 10292
1720 30837
1730 9375
1740 11021
1750 4597
1760 24022
1770 27349
1780 23200
1790 19669
1800 24485
1810 8282
1820 4735
1830 54
1840 2000
1850 26419
1860 27939
1870 6901
1880 3789
1890 18128
1900 468
1910 3729
1920 14894
1930 24649
1940 22484
1950 17808
1960 2422
1970 14311
1980 6618
1990 22814
2000 9515
2010 14310
2020 7617
2030 18936
2040 17452
2050 20601
2060 5250
2070 16520
2080 31557
2090 22799
2100 30304
2110 6225
2120 11009
2130 5845
2140 32610
2150 14990
2160 32703
2170 3196
2180 20486
2190 3094
2200 14344
2210 30524
2220 1588
2230 29315
2240 9504
2250 7449
2260 25201
2270 13459
2280 6619
2290 20581
2300 19797
2310 14799
2320 15282
2330 19590
2340 20799
2350 28010
2360 27158
2370 20473
2380 23623
2390 18539
2400 12293
2410 6039
2420 24180
2430 18191
2440 29658
2450 7959
2460 6192
2470 19816
2480 22889
2490 19157
2500 11512
2510 16203
2520 2635
2530 24273
2540 20056
2550 20329
2560 22647
2570 26363
2580 4887
2590 18876
2600 28434
2610 29870
2620 20143
2630 23845
2640 1417
2650 21882
2660 31999
2670 10323
2680 18652
2690 10022
2700 5700
2710 3558
2720 28477
2730 27893
2740 24390
2750 5076
2760 10713
2770 2601
2780 2511
2790 21004
2800 26870
2810 17862
2820 14689
2830 13402
2840 9790
2850 15256
2860 16424
2870 5003
2880 10586
2890 24183
2900 10286
2910 27089
2920 31427
2930 28618
2940 23758
2950 9833
2960 30933
2970 4170
2980 2155
2990 25722
3000 17190
3010 19977
3020 31330
3030 2369
3040 28693
3050 21426
3060 10556
3070 3435
3080 16550
3090 7442
3100 9513
3110 30146
3120 18061
3130 21719
3140 3754
3150 16140
3160 12424
3170 16280
3180 25997
3190 16688
3200 12530
3210 22550
3220 17438
3230 19867
3240 12950
3250 194
3260 23196
3270 3298
3280 20417
3290 28287
3300 16106
3310 24489
3320 16283
3330 12456
3340 25735
3350 18115
3360 11702
3370 31317
3380 20672
3390 5787
3400 12264
3410 4314
3420 24356
3430 31186
3440 20054
3450 913
3460 10809
3470 1833
3480 20946
3490 4314
3500 27757
3510 28322
3520 19559
3530 23647
3540 27983
3550 482
3560 4145
3570 23197
3580 20223
3590 7130
3600 2162
3610 5536
3620 20451
3630 11174
3640 10467
3650 12045
3660 21660
3670 26293
3680 26440
3690 17254
3700 20025
3710 26155
3720 29511
3730 4746
3740 20650
3750 13187
3760 8314
3770 4475
3780 28023
3790 2169
3800 14019
3810 18788
3820 9906
3830 17959
3840 7392
3850 10203
3860 3626
3870 26478
3880 4415
3890 9315
3900 25825
3910 29335
3920 25875
3930 24373
3940 20160
3950 11834
3960 28071
3970 7488
3980 28298
3990 7519
4000 8178
4010 17774
4020 32271
4030 1764
4040 2669
4050 17193
4060 13986
4070 3103
4080 8481
4090 29214
4100 7628
4110 4803
4120 4100
4130 30528
4140 2626
4150 1544
4160 1925
4170 11024
4180 29973
4190 13062
4200 14182
4210 31004
4220 27433
4230 17506
4240 27594
4250 22726
4260 13032
4270 8493
4280 143
4290 17223
4300 31287
4310 13065
4320 7901
4330 19188
4340 8361
4350 22414
4360 30975
4370 14271
4380 29171
4390 236
4400 30834
4410 19712
4420 25761
4430 18897
4440 4668
4450 7286
4460 12551
4470 141
4480 13695
4490 2696
4500 21625
4510 28020
4520 2126
4530 26577
4540 21695
4550 22659
4560 26303
4570 17372
4580 22467
4590 4679
4600 22594
4610 23852
4620 25485
4630 1019
4640 28465
4650 21120
4660 23153
4670 2801
4680 18088
4690 31061
4700 1927
4710 9011
4720 4758
4730 32171
4740 20316
4750 9577
4760 30228
4770 12044
4780 22759
4790 7165
4800 5110
4810 7883
4820 17087
4830 29566
4840 3488
4850 29578
4860 14475
4870 2626
4880 25628
4890 5630
4900 31929
4910 25424
4920 28521
4930 6903
4940 14963
4950 124
4960 24597
4970 3738
4980 13262
4990 10196
5000 32526
5010 1265
5020 8261
5030 6203
5040 8117
5050 5031
5060 20327
5070 29012
5080 30772
5090 6412
5100 25548
5110 21154
5120 21521
5130 29791
5140 14925
5150 30189
5160 21764
5170 4941
5180 20852
5190 18663
5200 13830
5210 30901
5220 17714
5230 18959
5240 17579
5250 8366
5260 13008
5270 11478
5280 1201
5290 26059
5300 6440
5310 2304
5320 12761
5330 19358
5340 2325
5350 6478
5360 5109
5370 21114
5380 14888
5390 19802
5400 22851
5410 14461
5420 22429
5430 12994
5440 27385
5450 19406
5460 6541
5470 31112
5480 28705
5490 12836
5500 32357
5510 6073
5520 29351
5530 18824
5540 14486
5550 20557
5560 23217
5570 1627
5580 9358
5590 8527
5600 13358
5610 29338
5620 23272
5630 23870
5640 29362
5650 12897
5660 13023
5670 29618
5680 10113
5690 12718
5700 18697
5710 11586
5720 24042
5730 24424
5740 24130
5750 24230
5760 4566
5770 6560
5780 8933
5790 22297
5800 29856
5810 12054
5820 16963
5830 3585
5840 29735
5850 6655
5860 16973
5870 21458
5880 14370
5890 22533
5900 2964
5910 2608
5920 2484
5930 912
5940 11636
5950 10068
5960 22849
5970 4676
5980 12939
5990 2224
6000 22143
6010 23755
6020 6512
6030 22742
6040 20176
6050 21460
6060 17826
6070 3222
6080 17871
6090 1627
6100 31935
6110 15206
6120 31784
6130 23851
6140 17399
6150 22280
6160 22702
6170 12194
6180 12735
6190 1638
6200 26535
6210 5557
6220 1994
6230 10177
6240 25706
6250 6963
6260 10549
6270 15882
6280 301
6290 14414
6300 16642
6310 19856
6320 24856
6330 13143
6340 11463
6350 27612
6360 30878
6370 20425
6380 32679
6390 1753
6400 18444
6410 28297
6420 12674
6430 10041
6440 9314
6450 876
6460 20073
6470 12819
6480 611
6490 1018
6500 14933
6510 28113
6520 30696
6530 13170
6540 23832
6550 20041
6560 26489
6570 28686
6580 19091
6590 19498
6600 2590
6610 25991
6620 15146
6630 19354
6640 19315
6650 18652
6660 26741
6670 22045
6680 11259
6690 336
6700 8760
6710 11193
6720 7606
6730 25265
6740 12182
6750 28504
6760 3830
6770 23776
6780 20609
6790 29293
6800 5998
6810 17550
6820 29557
6830 25562
6840 31628
6850 6468
6860 29542
6870 26130
6880 31241
6890 27814
6900 29175
6910 20602
6920 6078
6930 20216
6940 8684
6950 8214
6960 23993
6970 25825
6980 5602
6990 23393
7000 15760
7010 2671
7020 26429
7030 28028
7040 4085
7050 10076
7060 18787
7070 15499
7080 24971
7090 6288
7100 23848
7110 32605
7120 504
7130 21222
7140 22664
7150 5707
7160 2364
7170 9011
7180 22172
7190 27490
7200 18241
7210 12165
7220 25543
7230 7620
7240 20914
7250 7592
7260 6705
7270 31819
7280 9233
7290 751
7300 25206
7310 4976
7320 1540
7330 304
7340 11423
7350 21099
7360 11248
7370 13585
7380 13649
7390 2972
7400 17865
7410 22914
7420 11076
7430 21546
7440 28713
7450 17547
7460 18679
7470 1770
7480 15263
7490 8520
7500 13986
7510 28290
7520 15945
7530 2866
7540 18541
7550 23246
7560 25509
7570 28319
7580 27871
7590 9602
7600 28324
7610 21133
7620 24473
7630 27153
7640 25088
7650 28571
7660 29764
7670 29902
7680 17104
7690 14424
7700 3528
7710 11601
7720 26970
7730 14016
7740 5566
7750 29
7760 21544
7770 25348
7780 2089
7790 2944
7800 12638
7810 22410
7820 26464
7830 5050
7840 4682
7850 1589
7860 11343
7870 609
7880 32061
7890 21222
7900 1759
7910 29955
7920 20889
7930 14147
7940 691
7950 7950
7960 12844
7970 21431
7980 25621
7990 749
8000 27068
8010 4537
8020 20784
8030 18036
8040 32227
8050 15186
8060 7039
8070 9854
8080 25630
8090 11225
8100 15749
8110 19924
8120 3360
8130 32258
8140 24767
8150 4945
8160 14956
8170 23319
8180 32727
8190 25412
8200 21026
8210 20356
8220 31002
8230 22550
8240 9497
8250 18585
8260 9516
8270 17965
8280 23343
8290 8076
8300 17914
8310 16143
8320 31197
8330 21949
8340 25073
8350 20427
8360 14607
8370 26174
8380 24430
8390 32405
8400 6706
8410 20627
8420 29813
8430 19376
8440 30094
8450 16566
8460 16037
8470 14737
8480 29142
8490 30815
8500 5995
8510 8257
8520 6653
8530 23937
8540 30839
8550 20483
8560 1356
8570 21016
8580 1132
8590 18231
8600 17842
8610 14626
8620 2012
8630 32638
8640 4187
8650 19691
8660 1651
8670 5663
8680 21635
8690 10894
8700 10354
8710 21417
8720 13453
8730 14009
8740 7263
8750 22234
8760 5455
8770 16304
8780 16635
8790 26304
8800 14257
8810 149
8820 11125
8830 12318
8840 4214
8850 27110
8860 24029
8870 29201
8880 21081
8890 21319
8900 16859
8910 24051
8920 24156
8930 31362
8940 15265
8950 11904
8960 3677
8970 29644
8980 26910
8990 14903
9000 3562
9010 28490
9020 24949
9030 1283
9040 13654
9050 30675
9060 2221
9070 5403
9080 6924
9090 3832
9100 19370
9110 3879
9120 20260
9130 19009
9140 22620
9150 23972
9160 30004
9170 21946
9180 9782
9190 26505
9200 12393
9210 32686
9220 25314
9230 6699
9240 5590
9250 12723
9260 5939
9270 19038
9280 6411
9290 31462
9300 6235
9310 12509
9320 9962
9330 3960
9340 6494
9350 1516
9360 25270
9370 24938
9380 28870
9390 59
9400 14701
9410 13972
9420 26265
9430 15118
9440 16216
9450 24556
9460 7816
9470 18331
9480 3040
9490 30213
9500 29289
9510 28083
9520 1955
9530 16086
9540 20711
9550 24485
9560 24775
9570 8381
9580 29816
9590 25952
9600 6542
9610 18116
9620 1680
9630 17111
9640 25899
9650 23074
9660 789
9670 23978
9680 18133
9690 29957
9700 28690
9710 26114
9720 10009
9730 12942
9740 15791
9750 1724
9760 21364
9770 29
9780 25185
9790 24779
9800 7201
9810 5072
9820 1886
9830 21975
9840 1072
9850 11334
9860 22868
9870 26154
9880 14296
9890 32169
9900 20826
9910 9677
9920 15630
9930 28651
9940 2599
9950 3310
9960 4694
9970 4687
9980 30081
9990 10117
50000 50000 999
10 12250
20 26668
30 1529
40 26680
50 7865
60 29422
70 8406
80 8827
90 6817
100 7517
110 27727
120 28667
130 29088
140 27682
150 19965
160 1341
170 5687
180 6022
190 11663
200 14722
210 6065
220 29310
230 20416
240 17903
250 29874
260 17125
270 23942
280 32746
290 31763
300 28424
310 27532
320 4807
330 12269
340 9319
350 5603
360 31908
370 24308
380 23482
390 1013
400 21137
410 26631
420 24115
430 26810
440 4085
450 23557
460 12291
470 21294
480 29997
490 29153
500 1055
510 25346
520 14709
530 249
540 7492
550 13713
560 5132
570 30115
580 16440
590 7959
600 24723
610 29705
620 6996
630 1053
640 25270
650 7480
660 18239
670 26424
680 27919
690 10867
700 17660
710 32499
720 28487
730 21197
740 7463
750 26634
760 12159
770 12023
780 1147
790 18393
800 13038
810 3926
820 10648
830 29459
840 6603
850 30808
860 4099
870 27831
880 29293
890 14601
900 7279
910 20800
920 18353
930 20449
940 13883
950 541
960 28316
970 4576
980 8763
990 9568
1000 22337
1010 18398
1020 31419
1030 19898
1040 25829
1050 13852
1060 26817
1070 24231
1080 4450
1090 16926
1100 659
1110 230
1120 24521
1130 10941
1140 29561
1150 15148
1160 25163
1170 1656
1180 20676
1190 793
1200 22362
1210 31755
1220 16399
1230 23147
1240 8715
1250 26947
1260 21189
1270 19570
1280 8639
1290 27664
1300 15076
1310 24516
1320 11522
1330 476
1340 15616
1350 20529
1360 13235
1370 12571
1380 906
1390 9465
1400 19558
1410 28963
1420 14162
1430 30525
1440 12550
1450 17470
1460 331
1470 31924
1480 28351
1490 14334
1500 22926
1510 10911
1520 19738
1530 16337
1540 18338
1550 1279
1560 12394
1570 7637
1580 30715
1590 28165
1600 31592
1610 19950
1620 19136
1630 2506
1640 13338
1650 10005
1660 16338
1670 2624
1680 28665
1690 9971
1700 25609
1710 30569
1720 19282
1730 7086
1740 9153
1750 18374
1760 28653
1770 8195
1780 9877
1790 23827
1800 28397
1810 7573
1820 6250
1830 14641
1840 29175
1850 18820
1860 944
1870 32612
1880 1942
1890 20290
1900 8420
1910 5566
1920 3806
1930 7586
1940 16217
1950 31451
1960 1616
1970 2610
1980 11065
1990 9167
2000 16894
2010 16075
2020 13510
2030 30301
2040 19696
2050 9574
2060 15590
2070 13162
2080 31173
2090 17969
2100 27359
2110 26032
2120 26269
2130 19427
2140 28511
2150 10423
2160 30775
2170 8780
2180 30911
2190 23553
2200 4183
2210 25392
2220 15496
2230 5765
2240 875
2250 1365
2260 14903
2270 28256
2280 4461
2290 475
2300 6973
2310 26822
2320 26123
2330 25548
2340 21578
2350 9790
2360 25606
2370 30196
2380 27595
2390 7951
2400 16344
2410 755
2420 2482
2430 1013
2440 11673
2450 23440
2460 13429
2470 5913
2480 9763
2490 5968
2500 24409
2510 4416
2520 1909
2530 17224
2540 11760
2550 26435
2560 5205
2570 29487
2580 4320
2590 959
2600 5946
2610 26807
2620 8167
2630 18701
2640 11368
2650 17693
2660 21788
2670 28533
2680 30557
2690 30975
2700 3448
2710 5022
2720 18284
2730 26223
2740 29332
2750 2377
2760 28584
2770 26949
2780 12724
2790 17983
2800 22019
2810 14777
2820 9221
2830 31112
2840 32183
2850 23857
2860 19491
2870 8926
2880 4325
2890 6487
2900 19678
2910 15970
2920 11644
2930 7535
2940 15678
2950 22669
2960 31069
2970 21992
2980 32197
2990 7784
3000 16829
3010 7728
3020 29427
3030 15872
3040 10698
3050 17613
3060 18704
3070 11028
3080 11409
3090 5546
3100 9509
3110 7186
3120 30239
3130 24238
3140 26444
3150 21314
3160 22502
3170 8851
3180 25129
3190 2112
3200 23651
3210 28150
3220 11193
3230 1455
3240 15870
3250 682
3260 27466
3270 20268
3280 17714
3290 19794
3300 18635
3310 25473
3320 20973
3330 22831
3340 24902
3350 28443
3360 5178
3370 13878
3380 25771
3390 703
3400 14365
3410 1382
3420 16591
3430 8824
3440 2238
3450 8024
3460 32180
3470 16596
3480 20170
3490 2328
3500 12043
3510 31311
3520 28183
3530 11059
3540 7927
3550 9488
3560 1671
3570 32529
3580 5652
3590 2259
3600 7214
3610 9861
3620 25784
3630 21287
3640 2743
3650 8611
3660 4473
3670 7129
3680 18435
3690 5842
3700 20719
3710 3504
3720 14868
3730 24866
3740 10939
3750 1882
3760 9258
3770 22751
3780 28615
3790 18599
3800 28459
3810 2662
3820 26064
3830 32757
3840 20808
3850 20279
3860 19490
3870 19436
3880 6366
3890 32076
3900 7587
3910 1387
3920 7834
3930 8361
3940 13331
3950 26049
3960 8929
3970 29493
3980 12434
3990 23841
4000 6767
4010 1736
4020 19811
4030 11600
4040 11838
4050 21893
4060 31983
4070 7329
4080 29353
4090 11370
4100 31245
4110 21795
4120 6609
4130 9253
4140 11648
4150 17433
4160 9536
4170 7209
4180 3265
4190 3498
4200 23244
4210 27650
4220 22016
4230 26842
4240 190
4250 16101
4260 19813
4270 30649
4280 9524
4290 19852
4300 24475
4310 28634
4320 29892
4330 27201
4340 19855
4350 9991
4360 25698
4370 4920
4380 17781
4390 22579
4400 12932
4410 32545
4420 3341
4430 13488
4440 900
4450 22526
4460 8484
4470 5539
4480 7493
4490 6194
4500 28253
4510 25012
4520 1561
4530 15835
4540 1841
4550 31498
4560 2786
4570 18530
4580 31541
4590 18806
4600 28792
4610 13393
4620 13211
4630 13550
4640 21579
4650 26980
4660 30972
4670 9278
4680 74
4690 20194
4700 1621
4710 21498
4720 13827
4730 31277
4740 19791
4750 6583
4760 13579
4770 11160
4780 20419
4790 26490
4800 160
4810 3450
4820 12925
4830 9073
4840 10381
4850 27009
4860 27968
4870 10209
4880 6478
4890 18504
4900 15371
4910 32608
4920 14197
4930 12075
4940 13723
4950 12612
4960 19020
4970 28762
4980 11057
4990 12891
5000 31164
5010 16684
5020 13717
5030 19933
5040 25453
5050 2742
5060 4955
5070 6814
5080 2863
5090 10397
5100 15461
5110 20616
5120 10905
5130 2600
5140 20137
5150 4681
5160 9199
5170 27033
5180 14388
5190 32585
5200 7241
5210 3518
5220 17007
5230 8671
5240 242
5250 18883
5260 25250
5270 3524
5280 31759
5290 12106
5300 29622
5310 17096
5320 7297
5330 9917
5340 15679
5350 10179
5360 13580
5370 25059
5380 27578
5390 12751
5400 14008
5410 23730
5420 24082
5430 2996
5440 2679
5450 24677
5460 27754
5470 20900
5480 11785
5490 15566
5500 3094
5510 13609
5520 6173
5530 11244
5540 29930
5550 7515
5560 10169
5570 5056
5580 11192
5590 5974
5600 8923
5610 6749
5620 5652
5630 10987
5640 2145
5650 16447
5660 31578
5670 26518
5680 14630
5690 29917
5700 5875
5710 15792
5720 15470
5730 22913
5740 8147
5750 30694
5760 9092
5770 9816
5780 26950
5790 26858
5800 20641
5810 26053
5820 237
5830 8552
5840 9488
5850 31227
5860 28163
5870 16956
5880 23184
5890 8395
5900 30181
5910 16098
5920 3066
5930 27066
5940 2514
5950 9262
5960 12579
5970 21079
5980 16879
5990 14141
6000 4612
6010 31948
6020 2446
6030 171
6040 29976
6050 13490
6060 24751
6070 6150
6080 3334
6090 13866
6100 22215
6110 17283
6120 27008
6130 27433
6140 8897
6150 16368
6160 28523
6170 4883
6180 31811
6190 17642
6200 7232
6210 2188
6220 6706
6230 6480
6240 6322
6250 6539
6260 31352
6270 19448
6280 24209
6290 9647
6300 22277
6310 25760
6320 30190
6330 30423
6340 27667
6350 8487
6360 3456
6370 2029
6380 29615
6390 4861
6400 29254
6410 11778
6420 31349
6430 12504
6440 10862
6450 22432
6460 29083
6470 12456
6480 14198
6490 22107
6500 8753
6510 15822
6520 17297
6530 26282
6540 26022
6550 24456
6560 15948
6570 27125
6580 18319
6590 9136
6600 11377
6610 1775
6620 29860
6630 24999
6640 12075
6650 9254
6660 6923
6670 10636
6680 1644
6690 28889
6700 8154
6710 13233
6720 4748
6730 28681
6740 19927
6750 25679
6760 6451
6770 14802
6780 24962
6790 14200
6800 20856
6810 26364
6820 5717
6830 10574
6840 31562
6850 23246
6860 6474
6870 28275
6880 1551
6890 24354
6900 1182
6910 4288
6920 2700
6930 18111
6940 18644
6950 17466
6960 7173
6970 2530
6980 9982
6990 2113
7000 13477
7010 4382
7020 8248
7030 26891
7040 16672
7050 8806
7060 32373
7070 30033
7080 3990
7090 9321
7100 23166
7110 15432
7120 9659
7130 11294
7140 17207
7150 26579
7160 16949
7170 2207
7180 27172
7190 18167
7200 3397
7210 16698
7220 31021
7230 23695
7240 15530
7250 14789
7260 30110
7270 17985
7280 11970
7290 28979
7300 21618
7310 4016
7320 16627
7330 3685
7340 9169
7350 17907
7360 25929
7370 12098
7380 28119
7390 24391
7400 15200
7410 11786
7420 14487
7430 19200
7440 12421
7450 20711
7460 18272
7470 15814
7480 27416
7490 6086
7500 319
7510 3581
7520 1332
7530 7268
7540 8388
7550 13445
7560 23187
7570 14508
7580 4361
7590 17828
7600 28075
7610 26432
7620 7153
7630 30272
7640 10269
7650 4694
7660 19886
7670 338
7680 31312
7690 17605
7700 12678
7710 407
7720 7769
7730 29023
7740 19414
7750 5001
7760 543
7770 17538
7780 30039
7790 21389
7800 7356
7810 13290
7820 31648
7830 3182
7840 13094
7850 16585
7860 10988
7870 10762
7880 20494
7890 8218
7900 9502
7910 17483
7920 29448
7930 15666
7940 10754
7950 22105
7960 15085
7970 19096
7980 13526
7990 30222
8000 3965
8010 21782
8020 4873
8030 8107
8040 3657
8050 3344
8060 22594
8070 27081
8080 16081
8090 14869
8100 21412
8110 13714
8120 20969
8130 3252
8140 27217
8150 12080
8160 28769
8170 17041
8180 31532
8190 12934
8200 23780
8210 20664
8220 12260
8230 26654
8240 27937
8250 2096
8260 24366
8270 11875
8280 7721
8290 26836
8300 25681
8310 8977
8320 18456
8330 5726
8340 4072
8350 24809
8360 13560
8370 9157
8380 5603
8390 17833
8400 7906
8410 10441
8420 7376
8430 21563
8440 22886
8450 21963
8460 21081
8470 1837
8480 10798
8490 31203
8500 10509
8510 10081
8520 5341
8530 12077
8540 9059
8550 31494
8560 7741
8570 8547
8580 20475
8590 24774
8600 19098
8610 8881
8620 23336
8630 11073
8640 23401
8650 708
8660 22956
8670 20667
8680 4142
8690 23589
8700 12482
8710 17169
8720 28316
8730 19397
8740 16226
8750 1010
8760 22013
8770 18137
8780 11456
8790 18763
8800 25044
8810 743
8820 22
8830 17923
8840 24513
8850 9249
8860 26019
8870 27369
8880 23718
8890 9715
8900 17651
8910 13291
8920 3336
8930 12760
8940 3170
8950 21896
8960 5304
8970 22641
8980 21980
8990 24200
9000 29106
9010 24792
9020 18662
9030 8682
9040 3653
9050 8754
9060 24034
9070 32030
9080 15988
9090 7043
9100 26254
9110 20084
9120 11421
9130 15815
9140 32719
9150 12245
9160 31064
9170 7230
9180 20653
9190 18865
9200 4770
9210 30471
9220 15006
9230 21048
9240 1595
9250 21488
9260 24327
9270 3277
9280 21324
9290 6541
9300 7680
9310 23991
9320 32589
9330 24711
9340 29272
9350 17946
9360 29222
9370 28471
9380 20184
9390 23590
9400 23956
9410 4979
9420 24780
9430 5007
9440 13263
9450 20136
9460 23488
9470 27197
9480 29034
9490 2089
9500 12936
9510 19780
9520 15994
9530 14791
9540 24963
9550 18966
9560 11002
9570 19106
9580 11808
9590 24568
9600 2670
9610 3135
9620 32672
9630 1458
9640 12999
9650 3546
9660 13598
9670 14219
9680 8839
9690 14845
9700 7373
9710 8564
9720 21029
9730 29265
9740 28802
9750 14724
9760 13491
9770 7605
9780 31602
9790 24228
9800 11198
9810 23693
9820 19772
9830 20364
9840 29302
9850 22364
9860 7722
9870 3566
9880 17422
9890 23446
9900 18611
9910 496
9920 16742
9930 15023
9940 31813
9950 29152
9960 23016
9970 8056
9980 3394
9990 8739
