2
50000 50000 999
10 25284
20 13990
30 21007
40 21981
50 14023
60 17336
70 28614
80 3369
90 16841
100 26947
110 8118
120 16107
130 32273
140 31998
150 21252
160 190
170 12192
180 25725
190 1097
200 8425
210 29039
220 32096
230 20211
240 28724
250 10231
260 21963
270 5608
280 24058
290 31990
300 18710
310 32108
320 6784
330 18545
340 21701
350 15428
360 13189
370 2805
380 14778
390 2075
400 24346
410 23843
420 15785
430 8486
440 26804
450 30828
460 8397
470 16644
480 29824
490 15640
500 7129
510 28904
520 3318
530 22925
540 31282
550 2809
560 11953
570 30414
580 9307
590 27385
600 18046
610 3650
620 11952
630 4645
640 21939
650 19639
660 16472
670 16989
680 12482
690 9894
700 26229
710 21637
720 3085
730 440
740 10141
750 20011
760 19196
770 6026
780 27534
790 31338
800 17741
810 30125
820 2845
830 2574
840 30380
850 16114
860 7280
870 32504
880 19588
890 4580
900 20333
910 26309
920 1556
930 14485
940 28274
950 10410
960 23237
970 1438
980 22343
990 27298
1000 23227
1010 609
1020 81
1030 20940
1040 15786
1050 21137
1060 24072
1070 8718
1080 5099
1090 28917
1100 15531
1110 255
1120 3535
1130 10600
1140 25138
1150 24580
1160 19763
1170 29733
1180 3204
1190 20921
1200 30036
1210 5697
1220 8170
1230 20114
1240 27877
1250 11129
1260 6595
1270 11458
1280 1631
1290 32046
1300 7034
1310 20315
1320 665
1330 19118
1340 8630
1350 20663
1360 8600
1370 26293
1380 15312
1390 11288
1400 13736
1410 20020
1420 22410
1430 10891
1440 27819
1450 7248
1460 29950
1470 5906
1480 17330
1490 32686
1500 22228
1510 32257
1520 22730
1530 5358
1540 696
1550 31657
1560 3865
1570 19061
1580 9739
1590 24116
1600 14633
1610 12656
1620 13017
1630 7888
1640 15747
1650 24597
1660 18700
1670 30224
1680 27008
1690 18732
1700 16351
1710 3982
1720 26204
1730 11471
1740 25493
1750 8406
1760 1164
1770 1646
1780 15210
1790 26495
1800 20817
1810 7190
1820 27594
1830 21147
1840 10894
1850 4850
1860 2241
1870 23378
1880 17623
1890 11538
1900 27827
1910 20681
1920 22474
1930 5227
1940 26445
1950 6985
1960 25762
1970 22303
1980 22715
1990 15005
2000 19209
2010 30975
2020 3355
2030 955
2040 8238
2050 15950
2060 27698
2070 24999
2080 31768
2090 5064
2100 20830
2110 7573
2120 12602
2130 14307
2140 8140
2150 29262
2160 8775
2170 2389
2180 26347
2190 28372
2200 10823
2210 7894
2220 11041
2230 27721
2240 19179
2250 3111
2260 9916
2270 6925
2280 5405
2290 30803
2300 5931
2310 27431
2320 32732
2330 26933
2340 27246
2350 21478
2360 8519
2370 26682
2380 24779
2390 16071
2400 32247
2410 25705
2420 30403
2430 6554
2440 25234
2450 30112
2460 11076
2470 21473
2480 31645
2490 25888
2500 30240
2510 19321
2520 8082
2530 8011
2540 702
2550 27772
2560 32563
2570 29357
2580 784
2590 2149
2600 12317
2610 16442
2620 11972
2630 10357
2640 17824
2650 214
2660 17087
2670 24406
2680 27598
2690 17435
2700 5319
2710 24063
2720 14546
2730 3158
2740 3967
2750 20439
2760 10372
2770 11218
2780 10905
2790 16925
2800 30266
2810 1882
2820 13127
2830 6791
2840 18656
2850 25081
2860 30962
2870 24873
2880 25931
2890 5636
2900 12847
2910 24985
2920 23242
2930 24410
2940 11759
2950 26449
2960 24062
2970 6891
2980 9461
2990 6484
3000 17900
3010 8055
3020 16270
3030 14613
3040 24401
3050 5016
3060 9084
3070 18580
3080 2613
3090 25859
3100 7731
3110 23498
3120 21955
3130 17675
3140 16200
3150 6471
3160 3672
3170 20071
3180 30502
3190 11802
3200 29146
3210 14388
3220 3587
3230 14577
3240 32331
3250 14910
3260 1810
3270 28801
3280 3742
3290 1659
3300 17402
3310 2344
3320 14793
3330 31704
3340 31880
3350 7633
3360 10267
3370 30264
3380 24224
3390 8217
3400 21200
3410 24506
3420 27258
3430 5040
3440 25059
3450 26427
3460 24331
3470 6401
3480 7203
3490 29
3500 19136
3510 2837
3520 7561
3530 3910
3540 5234
3550 13492
3560 18377
3570 26987
3580 4247
3590 24782
3600 8487
3610 1678
3620 30389
3630 18970
3640 5516
3650 3781
3660 19229
3670 11773
3680 19929
3690 9278
3700 4309
3710 1709
3720 4475
3730 3712
3740 22486
3750 12438
3760 26176
3770 10995
3780 31607
3790 32509
3800 25192
3810 18083
3820 9514
3830 995
3840 25856
3850 17729
3860 26470
3870 3884
3880 10347
3890 14699
3900 1252
3910 10496
3920 25410
3930 21036
3940 14350
3950 2930
3960 27486
3970 16839
3980 3765
3990 24415
4000 3890
4010 432
4020 11778
4030 16537
4040 6494
4050 6108
4060 4783
4070 19781
4080 12930
4090 16698
4100 8566
4110 17538
4120 5456
4130 9602
4140 7114
4150 30796
4160 18662
4170 30765
4180 19654
4190 5791
4200 21850
4210 10948
4220 611
4230 3551
4240 9878
4250 5214
4260 9965
4270 4215
4280 4454
4290 12901
4300 3768
4310 31681
4320 11983
4330 26264
4340 19983
4350 9766
4360 419
4370 22102
4380 11117
4390 22662
4400 6738
4410 20249
4420 496
4430 30425
4440 11523
4450 21569
4460 10250
4470 7191
4480 19939
4490 14867
4500 11898
4510 11606
4520 18365
4530 29185
4540 2938
4550 10290
4560 16588
4570 27691
4580 1594
4590 12402
4600 8653
4610 12839
4620 30350
4630 8425
4640 29527
4650 7933
4660 11491
4670 9113
4680 9583
4690 22646
4700 5752
4710 5407
4720 30040
4730 28055
4740 29131
4750 14155
4760 26024
4770 15976
4780 10065
4790 30478
4800 31905
4810 4346
4820 6761
4830 18841
4840 15549
4850 30631
4860 1683
4870 25795
4880 2955
4890 27804
4900 15581
4910 22187
4920 31418
4930 18069
4940 21919
4950 16543
4960 10099
4970 27368
4980 10856
4990 14653
5000 9197
5010 24773
5020 11320
5030 6616
5040 7995
5050 10684
5060 27120
5070 15134
5080 16232
5090 895
5100 23302
5110 25847
5120 25029
5130 30442
5140 17021
5150 30128
5160 13698
5170 22592
5180 15893
5190 1112
5200 25724
5210 7352
5220 21951
5230 618
5240 15958
5250 10552
5260 8019
5270 8365
5280 6603
5290 32352
5300 19077
5310 31577
5320 24642
5330 26058
5340 10518
5350 20859
5360 30627
5370 1168
5380 1863
5390 19354
5400 32362
5410 30479
5420 26771
5430 5531
5440 3578
5450 23019
5460 31901
5470 20450
5480 30515
5490 25684
5500 24680
5510 7098
5520 11590
5530 30599
5540 32710
5550 18167
5560 21192
5570 18327
5580 11027
5590 23258
5600 7430
5610 365
5620 13602
5630 4660
5640 409
5650 4621
5660 11640
5670 31438
5680 25146
5690 29468
5700 2744
5710 17929
5720 10967
5730 8351
5740 22879
5750 3266
5760 5606
5770 7174
5780 17073
5790 2680
5800 2809
5810 8297
5820 32756
5830 5041
5840 19346
5850 27665
5860 3547
5870 19353
5880 25145
5890 17210
5900 13381
5910 23789
5920 1997
5930 4119
5940 13864
5950 14871
5960 29464
5970 17431
5980 15815
5990 10395
6000 18085
6010 24167
6020 22828
6030 7089
6040 4310
6050 15288
6060 6866
6070 8755
6080 4657
6090 4930
6100 12962
6110 27578
6120 15867
6130 17673
6140 4896
6150 10501
6160 10504
6170 23903
6180 30439
6190 19354
6200 23249
6210 29098
6220 23123
6230 26799
6240 13511
6250 14951
6260 15741
6270 17226
6280 25575
6290 3695
6300 17004
6310 16808
6320 4239
6330 9081
6340 31625
6350 20956
6360 16528
6370 14305
6380 32340
6390 440
6400 8068
6410 2472
6420 3670
6430 19952
6440 8546
6450 16059
6460 29782
6470 27773
6480 13135
6490 8824
6500 21968
6510 5696
6520 28343
6530 23662
6540 8355
6550 5096
6560 669
6570 1124
6580 24330
6590 4629
6600 18223
6610 14237
6620 1997
6630 189
6640 12190
6650 4955
6660 7865
6670 464
6680 3628
6690 14498
6700 14669
6710 11031
6720 24199
6730 15678
6740 15286
6750 8034
6760 2645
6770 11784
6780 25086
6790 17122
6800 23568
6810 1636
6820 27008
6830 3796
6840 5140
6850 16654
6860 28319
6870 18527
6880 21494
6890 26135
6900 21175
6910 7872
6920 21528
6930 14890
6940 15956
6950 29860
6960 6010
6970 29460
6980 5026
6990 22741
7000 4563
7010 5507
7020 25893
7030 29209
7040 29665
7050 24590
7060 17578
7070 25176
7080 4605
7090 26486
7100 32382
7110 25852
7120 6386
7130 18476
7140 5341
7150 11421
7160 1295
7170 4371
7180 4013
7190 17374
7200 3963
7210 19334
7220 29805
7230 30098
7240 1481
7250 17565
7260 31336
7270 36
7280 16332
7290 31660
7300 20270
7310 6197
7320 10157
7330 23053
7340 32580
7350 32390
7360 2106
7370 6176
7380 22299
7390 11545
7400 5505
7410 29583
7420 20543
7430 24467
7440 25502
7450 6871
7460 24273
7470 31461
7480 16337
7490 29188
7500 13111
7510 6187
7520 8148
7530 5307
7540 17426
7550 14036
7560 7019
7570 14718
7580 13424
7590 23044
7600 9276
7610 23084
7620 27204
7630 5430
7640 28641
7650 17863
7660 26899
7670 19494
7680 18492
7690 32634
7700 17647
7710 10734
7720 13834
7730 3803
7740 16809
7750 4975
7760 14779
7770 9581
7780 29251
7790 6386
7800 1666
7810 15721
7820 27812
7830 11023
7840 29608
7850 5566
7860 25999
7870 5839
7880 6181
7890 12118
7900 18646
7910 3341
7920 17521
7930 12187
7940 8651
7950 14626
7960 20120
7970 19514
7980 26616
7990 10945
8000 25741
8010 9254
8020 1040
8030 5919
8040 22720
8050 10721
8060 8485
8070 13655
8080 7410
8090 759
8100 7706
8110 14862
8120 24392
8130 203
8140 13148
8150 13906
8160 32159
8170 5781
8180 8397
8190 24008
8200 17184
8210 28844
8220 30721
8230 30727
8240 9236
8250 4353
8260 22189
8270 319
8280 27641
8290 5356
8300 9564
8310 15902
8320 4565
8330 2092
8340 11876
8350 18164
8360 9930
8370 26921
8380 8473
8390 19989
8400 4843
8410 17019
8420 21824
8430 9599
8440 5198
8450 32176
8460 25287
8470 18364
8480 13410
8490 21322
8500 25011
8510 26634
8520 10115
8530 31752
8540 26201
8550 19898
8560 19148
8570 1895
8580 3537
8590 32470
8600 13357
8610 31591
8620 11944
8630 32262
8640 2237
8650 8594
8660 469
8670 8116
8680 3409
8690 9531
8700 22510
8710 14959
8720 9549
8730 26372
8740 11932
8750 13965
8760 13242
8770 10659
8780 14925
8790 16661
8800 4761
8810 31717
8820 14376
8830 9692
8840 5239
8850 1010
8860 7238
8870 5357
8880 17474
8890 4052
8900 28703
8910 22318
8920 22363
8930 3891
8940 30018
8950 13889
8960 1516
8970 23138
8980 24650
8990 7081
9000 15740
9010 27296
9020 16397
9030 11054
9040 25025
9050 26519
9060 25878
9070 23682
9080 4021
9090 11817
9100 23894
9110 22564
9120 5868
9130 13420
9140 22550
9150 7045
9160 7460
9170 28403
9180 1584
9190 10346
9200 8222
9210 6992
9220 19071
9230 17297
9240 18860
9250 5078
9260 20116
9270 1687
9280 18956
9290 4260
9300 20394
9310 18713
9320 11380
9330 31199
9340 14300
9350 9498
9360 23022
9370 12094
9380 22422
9390 6820
9400 15974
9410 26828
9420 21322
9430 5810
9440 17409
9450 5353
9460 6500
9470 24910
9480 6321
9490 22418
9500 29823
9510 14071
9520 29191
9530 3811
9540 3545
9550 4421
9560 17224
9570 218
9580 29700
9590 25296
9600 6594
9610 5726
9620 31199
9630 19021
9640 4960
9650 18304
9660 453
9670 250
9680 9085
9690 7424
9700 2308
9710 2109
9720 6646
9730 27411
9740 1937
9750 23175
9760 8323
9770 10595
9780 30714
9790 9087
9800 8775
9810 3160
9820 7067
9830 17245
9840 20901
9850 17302
9860 20245
9870 8595
9880 16470
9890 455
9900 764
9910 4787
9920 15800
9930 12698
9940 11472
9950 21901
9960 28521
9970 31755
9980 17455
9990 27543
50000 50000 999
10 22549
20 998
30 8264
40 20627
50 16524
60 31366
70 18835
80 21867
90 14104
100 29155
110 5056
120 8800
130 6413
140 4044
150 5101
160 9315
170 23201
180 1648
190 18203
200 27075
210 254
220 30243
230 31971
240 12809
250 662
260 7263
270 23141
280 13601
290 439
300 29705
310 2434
320 26042
330 5471
340 10998
350 26699
360 13038
370 5201
380 4270
390 19640
400 3366
410 5736
420 25200
430 12446
440 12856
450 8236
460 6262
470 23003
480 1235
490 11427
500 6265
510 21203
520 29469
530 2410
540 29048
550 18209
560 12442
570 14595
580 1206
590 6278
600 18256
610 20337
620 16386
630 16421
640 17449
650 32002
660 19770
670 20467
680 664
690 15213
700 23314
710 10345
720 23423
730 20764
740 25362
750 13948
760 15185
770 7883
780 4318
790 19918
800 25460
810 27474
820 11962
830 29478
840 23273
850 8639
860 15181
870 11038
880 21038
890 13736
900 3237
910 8475
920 32355
930 8640
940 9340
950 14978
960 12205
970 13479
980 6586
990 27177
1000 9944
1010 8199
1020 15163
1030 22540
1040 28224
1050 32220
1060 20433
1070 12610
1080 14833
1090 16403
1100 6029
1110 13359
1120 4877
1130 15959
1140 29242
1150 19706
1160 21102
1170 22056
1180 20267
1190 22081
1200 11917
1210 20781
1220 18999
1230 21004
1240 24738
1250 1483
1260 6657
1270 12032
1280 9485
1290 26102
1300 13181
1310 28118
1320 6901
1330 28743
1340 18095
1350 15115
1360 18223
1370 14159
1380 30902
1390 20696
1400 15969
1410 29484
1420 32522
1430 13668
1440 14951
1450 20825
1460 2
1470 10553
1480 7925
1490 30411
1500 23705
1510 23028
1520 12670
1530 26681
1540 18289
1550 11585
1560 2133
1570 19643
1580 19736
1590 14343
1600 29971
1610 16022
1620 12683
1630 13792
1640 28216
1650 7766
1660 18168
1670 5324
1680 15381
1690 7198
1700 8648
1710 26918
1720 27881
1730 27453
1740 19933
1750 24023
1760 21578
1770 21505
1780 26904
1790 29897
1800 6598
1810 6096
1820 18207
1830 11167
1840 6859
1850 23412
1860 605
1870 22691
1880 9156
1890 2999
1900 7754
1910 21503
1920 17541
1930 28720
1940 7916
1950 16689
1960 17385
1970 24668
1980 14750
1990 3257
2000 30393
2010 20209
2020 784
2030 29204
2040 32208
2050 8046
2060 16015
2070 7662
2080 12157
2090 31223
2100 12934
2110 16532
2120 12329
2130 4448
2140 9797
2150 9384
2160 32314
2170 3976
2180 27906
2190 7704
2200 30007
2210 7144
2220 8733
2230 25936
2240 3116
2250 12395
2260 31401
2270 12975
2280 21328
2290 12416
2300 20519
2310 11832
2320 29925
2330 30318
2340 18580
2350 1931
2360 15712
2370 19177
2380 16295
2390 18963
2400 28362
2410 31458
2420 21844
2430 16768
2440 25446
2450 32675
2460 17812
2470 632
2480 17300
2490 27930
2500 28008
2510 27529
2520 21237
2530 6773
2540 8475
2550 12899
2560 6352
2570 14576
2580 14280
2590 20804
2600 26548
2610 19691
2620 28701
2630 26803
2640 2143
2650 15680
2660 4702
2670 26993
2680 3039
2690 27859
2700 29613
2710 6829
2720 2295
2730 4715
2740 16008
2750 20599
2760 18628
2770 17088
2780 9363
2790 26231
2800 9888
2810 24789
2820 23960
2830 21215
2840 10055
2850 26759
2860 6092
2870 26014
2880 2873
2890 18278
2900 15700
2910 2007
2920 24671
2930 14277
2940 13063
2950 3985
2960 22256
2970 21005
2980 29814
2990 31664
3000 23958
3010 18519
3020 12585
3030 11300
3040 18637
3050 57
3060 20268
3070 27232
3080 2444
3090 32479
3100 30411
3110 22029
3120 14120
3130 23390
3140 2969
3150 2560
3160 28789
3170 11078
3180 14007
3190 3434
3200 22574
3210 7542
3220 26194
3230 25935
3240 12439
3250 14133
3260 26222
3270 23098
3280 23136
3290 26494
3300 30434
3310 17966
3320 15053
3330 25754
3340 676
3350 32479
3360 19732
3370 2037
3380 23623
3390 12322
3400 25351
3410 7210
3420 9154
3430 15011
3440 22770
3450 20832
3460 14707
3470 27350
3480 16583
3490 19417
3500 25188
3510 7216
3520 18552
3530 200
3540 460
3550 7318
3560 24485
3570 21859
3580 3033
3590 25622
3600 24695
3610 13370
3620 5548
3630 29909
3640 16332
3650 3271
3660 9894
3670 30536
3680 2196
3690 28998
3700 12002
3710 26279
3720 9850
3730 18119
3740 18178
3750 24991
3760 17352
3770 15233
3780 7471
3790 29512
3800 16004
3810 30569
3820 13147
3830 26710
3840 30943
3850 15107
3860 21193
3870 1171
3880 2257
3890 24696
3900 22736
3910 11405
3920 2813
3930 29418
3940 16604
3950 22411
3960 7386
3970 20484
3980 4021
3990 24006
4000 16916
4010 2005
4020 1028
4030 30422
4040 14640
4050 28382
4060 12307
4070 31851
4080 880
4090 5737
4100 24788
4110 17725
4120 9206
4130 7965
4140 30245
4150 11334
4160 23083
4170 6608
4180 4178
4190 6190
4200 23394
4210 27292
4220 14043
4230 5895
4240 20409
4250 25141
4260 23672
4270 25146
4280 5696
4290 377
4300 25691
4310 24257
4320 5214
4330 6985
4340 3253
4350 28055
4360 5232
4370 18584
4380 25211
4390 8301
4400 30642
4410 25281
4420 8810
4430 9887
4440 16227
4450 30750
4460 11081
4470 1638
4480 12580
4490 28374
4500 25966
4510 30287
4520 6818
4530 18934
4540 17283
4550 27372
4560 30836
4570 17604
4580 16522
4590 11465
4600 1095
4610 14416
4620 32543
4630 2721
4640 28216
4650 32587
4660 28157
4670 31698
4680 17793
4690 19484
4700 5572
4710 18191
4720 21592
4730 9521
4740 29690
4750 341
4760 29460
4770 31635
4780 1871
4790 31008
4800 5778
4810 4030
4820 28965
4830 25054
4840 7639
4850 6319
4860 20559
4870 21412
4880 8950
4890 24894
4900 14617
4910 29472
4920 21300
4930 20398
4940 28297
4950 21967
4960 4715
4970 2947
4980 16613
4990 30319
5000 28076
5010 13715
5020 13685
5030 19896
5040 8488
5050 26208
5060 23434
5070 25415
5080 13649
5090 26277
5100 29376
5110 27355
5120 30524
5130 22063
5140 18047
5150 16835
5160 20554
5170 13550
5180 25288
5190 24727
5200 16647
5210 588
5220 1582
5230 5415
5240 850
5250 26301
5260 29986
5270 6321
5280 6079
5290 7064
5300 4724
5310 22103
5320 16953
5330 1317
5340 24855
5350 30159
5360 14828
5370 13047
5380 21285
5390 32349
5400 4194
5410 14972
5420 2594
5430 9726
5440 5099
5450 8146
5460 27781
5470 8422
5480 12611
5490 16604
5500 13428
5510 1325
5520 6255
5530 30358
5540 23504
5550 5830
5560 10472
5570 24741
5580 2417
5590 4016
5600 26875
5610 3891
5620 25523
5630 14448
5640 3184
5650 32505
5660 27697
5670 25790
5680 20074
5690 7069
5700 18640
5710 10367
5720 8846
5730 15423
5740 7680
5750 22771
5760 359
5770 20047
5780 24126
5790 11824
5800 21513
5810 8865
5820 13021
5830 6351
5840 17141
5850 4291
5860 25095
5870 8165
5880 27709
5890 25742
5900 22015
5910 23349
5920 17641
5930 18939
5940 10664
5950 23971
5960 10648
5970 11064
5980 24139
5990 9196
6000 25195
6010 13563
6020 7829
6030 23445
6040 7710
6050 29975
6060 13023
6070 5665
6080 10360
6090 18253
6100 2739
6110 15495
6120 24550
6130 1124
6140 32651
6150 22243
6160 11875
6170 10107
6180 13531
6190 31852
6200 2458
6210 23967
6220 14674
6230 32678
6240 15951
6250 13209
6260 19805
6270 10969
6280 2811
6290 22025
6300 29422
6310 8385
6320 19894
6330 6073
6340 10875
6350 13703
6360 18778
6370 12843
6380 329
6390 21488
6400 17894
6410 29812
6420 21738
6430 17109
6440 4128
6450 21581
6460 28677
6470 24275
6480 7295
6490 5480
6500 25685
6510 7235
6520 20807
6530 31488
6540 17908
6550 25964
6560 15350
6570 14260
6580 11226
6590 10488
6600 13791
6610 3989
6620 6560
6630 11429
6640 15381
6650 24702
6660 13962
6670 30781
6680 32394
6690 1188
6700 30149
6710 27848
6720 27256
6730 17261
6740 5101
6750 23552
6760 13312
6770 17542
6780 3539
6790 13317
6800 8978
6810 14640
6820 29820
6830 4946
6840 10124
6850 12250
6860 17005
6870 22768
6880 30886
6890 17909
6900 5669
6910 1257
6920 17293
6930 11268
6940 30188
6950 32000
6960 11598
6970 12274
6980 203
6990 2463
7000 11254
7010 16809
7020 12508
7030 7953
7040 31479
7050 9696
7060 4804
7070 18161
7080 11982
7090 19252
7100 5757
7110 15843
7120 11235
7130 30075
7140 23897
7150 6530
7160 1201
7170 13141
7180 10563
7190 2713
7200 806
7210 20995
7220 20808
7230 3989
7240 24909
7250 17277
7260 24407
7270 11066
7280 29994
7290 10942
7300 15173
7310 29590
7320 21478
7330 611
7340 1812
7350 3379
7360 12332
7370 4468
7380 4213
7390 26257
7400 30674
7410 8834
7420 31627
7430 18387
7440 29884
7450 12530
7460 2802
7470 2745
7480 29949
7490 152
7500 10496
7510 3790
7520 15936
7530 21384
7540 5707
7550 15843
7560 20583
7570 12840
7580 24939
7590 13499
7600 15217
7610 31114
7620 3073
7630 25608
7640 3233
7650 9209
7660 248
7670 15766
7680 5852
7690 32722
7700 16394
7710 16839
7720 6740
7730 18582
7740 25222
7750 319
7760 3939
7770 22076
7780 23889
7790 26336
7800 6329
7810 22220
7820 9259
7830 24057
7840 24762
7850 17961
7860 4660
7870 10426
7880 26146
7890 6190
7900 15279
7910 31468
7920 31723
7930 18685
7940 3333
7950 11487
7960 112
7970 18324
7980 23309
7990 6819
8000 4050
8010 28322
8020 18570
8030 890
8040 13723
8050 32664
8060 9462
8070 32142
8080 24993
8090 21506
8100 10366
8110 20960
8120 9262
8130 14616
8140 12621
8150 21633
8160 30045
8170 10640
8180 26125
8190 3332
8200 3015
8210 22967
8220 25003
8230 17203
8240 1631
8250 18880
8260 19547
8270 17409
8280 28059
8290 21084
8300 1501
8310 29376
8320 20437
8330 24459
8340 17662
8350 31380
8360 31984
8370 19889
8380 20577
8390 13352
8400 9534
8410 7404
8420 13439
8430 5023
8440 24481
8450 28325
8460 6893
8470 13006
8480 23281
8490 357
8500 9950
8510 19368
8520 16030
8530 7914
8540 31464
8550 14073
8560 32407
8570 12411
8580 19467
8590 17240
8600 9834
8610 28024
8620 9711
8630 30806
8640 24492
8650 22581
8660 17517
8670 6652
8680 14235
8690 32008
8700 9809
8710 117
8720 26626
8730 10145
8740 15710
8750 6151
8760 10077
8770 666
8780 24467
8790 7496
8800 17470
8810 21839
8820 23981
8830 27022
8840 4079
8850 21488
8860 25325
8870 25511
8880 23641
8890 13781
8900 539
8910 26826
8920 4388
8930 1553
8940 5067
8950 16846
8960 7200
8970 25161
8980 18911
8990 30874
9000 16612
9010 7111
9020 7245
9030 8669
9040 2997
9050 28362
9060 29475
9070 28415
9080 27561
9090 17440
9100 12744
9110 7255
9120 14347
9130 12535
9140 1924
9150 3998
9160 9474
9170 10481
9180 10562
9190 15011
9200 27502
9210 5750
9220 22677
9230 5697
9240 10259
9250 19790
9260 23546
9270 18830
9280 13817
9290 2927
9300 19549
9310 20822
9320 2066
9330 31763
9340 23518
9350 15304
9360 17950
9370 28942
9380 31188
9390 19566
9400 12492
9410 18015
9420 30738
9430 7267
9440 4386
9450 9221
9460 5482
9470 2752
9480 14110
9490 4628
9500 4464
9510 4439
9520 19358
9530 4871
9540 11648
9550 20900
9560 31101
9570 14424
9580 16131
9590 28160
9600 12799
9610 25934
9620 14061
9630 792
9640 4207
9650 13335
9660 17034
9670 21918
9680 8454
9690 12566
9700 27003
9710 2110
9720 3855
9730 24702
9740 19708
9750 28116
9760 32329
9770 16928
9780 27752
9790 19420
9800 5005
9810 18305
9820 4862
9830 8489
9840 28848
9850 28720
9860 21221
9870 17627
9880 10155
9890 86
9900 12654
9910 29067
9920 26873
9930 1423
9940 26778
9950 4296
9960 28993
9970 7672
9980 25052
9990 23239
