7 5 5 5 5 6 6 5 5 5 5 5 4 5 6 6 5 4 5 5 6 4 4 5 5 5 6 6 6 7 6 5 5
6 3 3 2 2 3 3 2 2 3 2 3 3 5 3 2 2 3 2 3 3 5 2 3 3 3 2 3 3 2 2 4 2 3 5 3 2
9 2 3 2 3 2 2 3 4 3 2 3 3 2 4
4 4 3 1 2 2 1 1 1 2 4 1 4 2 1 1 1 1 2 2 1 2 1 2
9 4 3 3 2 2 2 2 2 3 3 1 2 3 3 2
5 4 5 4 4 4 4
26 3 3
6 1 2 1 1 1 1 2 2 1 2 2 2 2 1 1 2 2 1 3 2
7 3 3 4 3 3 3 2 3 2 3 4 3 4 2
7 6 6 6 4 4 6 6 5 5 5 6 4
11 2 2 2 2 2 3 2 2 2 3 2 3 3 2 2 2
5 4 4 4 5 5 4 5 4 3 5 4 5
4 4 4 4 3 3 4 4 4 4 4 3
7 3 4 4 4 3 4 4 5 6 4 4 4 4 5 4
6 3 5 5 3 4 3 3 5 4 4 4 3 5 3 3 3 3 3 4
7 3 3 3 3 2 2 3 3 3 2 3 3 3 4 3 3 2 3 3 3 2 4 2 3 3 3 3 3 3 3 3 3 4 4 2 3 3
6 6 7 6 5 5 6 7 5 7 5 5 6 7 5 5 5 6 6
15 2 3 3 3 3 3
7 3 3 4 3 3
7 5 5 6 5 4 5 4 5 4 4 6 6 5 6 5 5 4
20 2 2 2 2 2 2 2 2 2
8 5 4 4 5 4 4 4 5 5 5
6 5 6 5 5 4 5 5 4 4 5 4 4 4 4 5 4 4 5 5 4
4 4 4 5 4 5 4 3 3 4 4 4 3 3
6 5 5 5 6 5 4 5 5 6 5 5 5 6 5 5 5 5 5 4 5 7 5 6 4 4
7 3 3 3 4 4 4 3 3 3 3 4 3 3 4
8 5 5 5 5 5 5 5 5 4 5
7 3 4 3 3 3 4 4 3 3 3 4 3 3 6 4 4 3 3 3 3 4 3 3
8 4 3 3 3 5 4 4 3 5 4 4 4 5
8 2 3 2 2 2 4 2 2 3 2 2 2 2 1 2 2 3 2 2 2 2 2 2 3 2 2 2 2 2 2 3 2
3 4 3 3 3 4 3 3 4 3 3 3 3 3 4 3 4 4
8 4 4 3 3 3 4 4 3 5
3 2 4 3 4 3 3 3 3 3 2 3 3 3 3 3 3 3 3 3 3 3 2
6 4 4 5 6 5 4 5 5 5 5 4 5 5
6 4 4 4 5 4 4 4 4 6
9 4 4 5 4 5 5 5 5 4 4 3 5 5 4 4 3 4 6 4 4 3 4 4 4 4 4 6 4 4 5 3 4 3 5 3
11 7 9
8 4 3 4 3 4 3 4 3 4 4 3 3 4 4 5 2 3 3 5 3 3 3
5 2 2 2 2 2 3 1 1 2 2 1 1 1 2 2
6 4 4 4 3 2 3 3 4 4 2 2 3 4 2 2 3 3 5 3 3 3 3 4 3
22 2 2 1 1 2 1 1 1 1 1 1 2 2 1 1 2 1 2 2 1 2 2 1 2 1 1 1 2 1
54 0 0 0 1 1 0
8 2 2 2 3 2 2 3 2 3 3 2 2 2
6 3 3 4 4 4 3 4 3 4 3 3 3 4 4 4 6 4 4 5 4 4 4 4 4 5 4
6 5 3 4 2 3 2 3 3 3 3 4 3 2 3 3 3 3
8 4 4 5 4 5 4 3 4 4 3 4 4 4 4 4 5 4 4 4 5 4 4 4 4 4 4 4 4 3 4 5 4
67 1 0 1 1 1 0 1 1 0 0 0 1 1 1 1 0 0 0 0 1 1 0 0 0 1 1 1 1 1
7 3 3 3 3 3 4 4 4 5 3 4 3 3 3 4 3 3 4 5
4 3 3 2 2 1 3 3 3 3 3
6 6 5 5 5 5 4 5 4 5 5 5 5 5 4
9 4 3 3 4
8 5 5 4 5 5 6 5 5 4 5 5 4 5 5 4 4 4 4 4 5
2 1 2 3 3 3 1 1 1 2 1
7 1 1 1 1 1 1 1 1 2 1 2 2 1 1 2 1 1 1 1 1 1
13 1 2 1 2 2 2 2 1 2 2 1 1 1 2 1 1 1 2 2 1 1 2 1 1 1 2 1 1 2
4 4 4 5 3 4 5 3 5 4 4 4 5 4 3 3 4 3 4 4 5 5 5 4 4 3 3 3 3 3 3 3 5
10 4 2 2 3 2 3 2 3 3 2 3 3 3 2 2 3 2 3 2 2
6 6 4 4 6 6 5 6 4 5 4 5 4 6 4
6 3 3 3 2 3 4 3 3 3 3 4 4 4 3 4 4 3 3 3 5 4 3 4 5 4 3 3
5 3 3 2 2 3 3 2 3 2 4 2 2 3 2 2 2 3 3 3 2 2 2 3 4 3 2 3 4 3 2 3 3 2 4 2 2 3 3
6 3 3 4
6 5 4 4 6 4 5 4 4 4 4 4 4 5 5 6
6 2 3 1 2 2 2 2 2 2 2 2 3 3 1 2 2 2 2 2 2 2 2 1 3 2 2 2 2 2 1 2 2 2 2 2 2 2 2
15 1 1 2 1 1 1 1 1 1 1 1 1 2 1 1 2 1 1 2 1 1 1 1 1 1 1 1 1 1 1 1 1
6 4 5 6 4 5
10 1 2 1 2 2 1 1 2 1 1 2 1 1 1 1 2 1 2 1 1
176 0 1 1 1 0 0 1 1 1 0 0 1 1 0 0 1
7 4 5 5 4 4 5 4 4 4 5 5 4 4 4 4 4 5 3 4 4 5 4 4 4
7 5 5 4 5 4 5 6 6 4 5 5 5 5 7 6 4 6
19 4 4 2 3
7 5 7 6 5 6 5 6 5 5 5 5 5 5 4 6 5 5 4 5 4 6 4 5 4 5 4 6 5 4 6
13 3 3 2 2
4 3 3 4 5 3 4 4 4 4 4 3 4 4 3 4 4 3 4 4 3
7 3 4 5 3 3 3 3 4 4 4 4 3 3 4
7 5 6 5 6 5 4 6 5 6 6 6 5 6 6 6 5 6 7 6 6 5 5 5 7 6 5 7 8 6 5 6 6 6
6 5 5 6 3 4 4 5 6 5 4
6 3 5 5 4 3 3 3 3 4
9 6 5 5 6 4 5 4 5 6 5 4 5 5
5 4 5 5 5 5
27 3 3
25 2 2 2 2
6 3 4 3 4 3 4 3 4 4 4 3 3 3 3 3 3 4 3 4 3 3 3 4 3 4
6 2 1 2 2 1 2 1 1 1 2 2 1 2 2 1 2 2 1 1
12 2 2 2 2 2 2 2 2 2 2 2 2 2 1 2 2 2 2 2 2 2 2 2 2
8 4 4 4 5 4 6 4 5 4 5 4 5 5
8 5 5 4 5 4 6 5 5 5 4 5 4 6 6 5 5 5 4
6 6 7 4 5 5 5
8 2 2 1 1 2 1 2 2 2 1 1 1 1 1 1 1 1 2 1
5 2 2 3 2 2 3 5 3 3 2 4 3 3 3 3 2 4 3
6 5 4 5 4 3 5 4 4 4
5 0 2 1 0 0 0 0 1 2 1 1 1 1 1 2 2 1 0 0 2 2 0 1 1 1 1 1 1 2 1 1 1 1 0
4 3 2 3 3 3 3 4 3 4 3 3 4 3
6 4 3 4 4 5 5 4 3 4 4 6
7 6 5 5 6 5 6 5 5 5 5 5 6 5
9 4 3 3 3 4 5 2 3 3 3 5 4 3 3 4 5 3
6 3 3 3 2 2 3 3 2 2 3 3 3 3 3 4 3 3 3 3 3 3 3 4 3 2 3 3 3 3 3 4 4 2 2 3 3 2 3 3
2 0 2 2 1 2 2 2 2
85 1
6 6 5 6 6 4 6 5 5 6 5 5 6 7 5 6 7 6 5 5
6 4 5 4 4 6 5 3 5 4 4 5 4 4 4 5 3 5 4 5 5 4 4 4 5 4 4 5 4 4 5 3 5 4
3 2 1 2 2 3 2 2 1
8 2 3 2 2 2 2 1 1 2 2 2 2 2 1 1 2 2 2 2 2 2 1 2 2 2 1 2 2 2 2 2 2 2 2 2 2 1 1 1
10 1 2 1 1 1 1 2 2 1 1 1 2 1 1 1 2 1 2 2 1 2 2 1 2 1 1 2
12 3 3 3 2 2 3 3 2 3
8 4 4 5 7 5 5 5 6 5 7 4 4 4
7 5 5 5 5 7 5 5 5 6 6 4 5 4 5 5 4 4 5 5 5 6
6 3 4 3 3 5 3 3 4 3 2 3 3 4 4 3 3 3 3 3
13 1 1 1 1 1 1 1 1 1 2 1 1 1 1 1 1 1 1 1 1 1 1 1 1 1 1 1 1 2 1 1 1 1 2 1 1
10 2 2 2 2 2 2 2 2 1 2 3 3 2 1
21 1 1 1 1
47 2 1 1 1 1 1 1 2 1 1
15 1 0 1 1 0 0 1 0 1 0 0 0 0 0 1 1 1 1 1 0 0 1 0 0 0 1 1 1 1 0 1 1 0
