121
20
1 1 1 1 2 1 2 1 2 1 1 1 1 1 1 2 2 1 2 1
20
8 3 5 8 3 5 5 6 3 8 8 3 1 7 8 6 2 1 5 5
20
2 4 7 14 17 5 4 13 5 14 17 3 3 12 19 3 15 16 19 14
20
1 2 3 1 2 1 2 2 3 3 3 2 2 1 3 3 3 1 2 1
20
13 15 3 3 6 4 12 2 8 12 10 1 3 2 11 12 7 5 5 5
20
4 7 4 10 2 7 5 9 11 5 8 16 4 2 9 10 11 2 11 15
20
9 1 8 1 4 4 4 9 8 7 7 2 4 5 7 1 8 7 9 1
20
9 11 5 11 9 6 7 2 8 3 9 13 11 12 11 13 9 10 3 3
20
7 5 9 7 5 6 11 2 9 11 2 7 1 10 3 5 6 2 7 2
20
3 3 8 2 4 8 8 6 7 8 8 8 3 2 1 10 6 9 8 2
20
5 4 5 7 4 7 5 7 2 3 6 5 4 1 6 4 4 4 4 1
20
1 2 3 2 1 1 2 2 3 2 1 2 3 3 2 2 2 2 1 1
20
8 6 11 1 14 15 9 13 1 4 8 18 13 15 3 6 12 10 7 9
20
3 7 7 8 1 1 4 5 8 6 7 4 7 8 2 6 2 3 1 3
20
3 4 3 1 1 1 1 3 3 4 3 4 1 4 1 1 1 4 1 3
20
4 1 5 5 7 1 7 7 3 3 3 7 5 5 2 3 4 5 3 6
20
6 3 2 10 2 10 8 14 16 7 9 14 6 12 15 12 8 15 13 6
20
1 2 4 1 6 5 1 2 5 2 4 6 3 6 6 1 6 2 3 1
20
1 11 10 6 13 6 13 11 9 12 1 8 13 6 10 13 4 7 7 10
20
4 8 14 3 16 17 9 10 17 8 1 14 19 9 14 13 14 18 18 11
20
2 3 2 1 2 1 2 1 1 1 4 1 1 3 3 4 4 4 3 3
20
1 1 2 1 1 1 2 1 1 2 1 1 1 1 2 1 1 1 2 2
20
4 5 5 3 3 2 3 7 2 4 1 4 7 7 5 6 5 5 4 6
20
7 7 12 7 3 5 3 4 6 11 8 12 7 4 15 15 14 7 2 4
20
3 2 5 1 2 3 4 5 1 1 4 4 1 2 1 5 3 5 1 1
20
4 2 1 3 3 3 1 1 1 4 3 3 4 2 4 2 4 4 2 1
20
3 3 3 7 6 4 6 7 2 7 5 4 2 2 6 7 3 5 5 1
20
5 13 15 5 17 12 11 15 9 16 16 11 10 17 15 8 8 14 15 12
20
1 9 3 12 10 2 5 9 11 3 1 6 7 1 9 14 9 4 3 1
20
8 16 10 10 16 10 14 14 17 7 16 6 3 19 10 13 12 1 14 7
20
2 1 1 2 2 1 2 2 2 1 2 2 1 2 2 2 1 1 1 1
20
9 3 12 8 2 8 16 3 3 5 11 13 7 12 13 10 2 6 5 13
20
4 2 10 4 6 14 3 11 15 8 10 6 5 11 7 5 2 6 5 13
20
4 6 12 6 13 13 13 2 11 1 8 10 7 1 6 7 13 5 8 5
20
4 7 6 4 6 7 4 7 4 7 2 2 5 2 6 4 5 6 1 6
20
2 6 1 2 6 1 9 4 3 9 1 3 8 4 11 9 1 1 11 10
20
9 11 3 1 7 1 3 5 1 10 6 7 2 1 9 4 5 9 9 9
20
6 16 2 3 13 10 13 3 9 17 10 3 10 9 13 14 5 14 10 4
20
1 2 2 2 1 1 3 3 2 1 2 2 1 2 3 2 1 3 1 3
20
2 4 3 2 1 2 1 2 4 1 3 1 4 4 3 3 2 2 1 4
20
1 1 3 2 3 2 1 2 3 1 3 2 1 1 2 1 1 2 3 2
20
5 4 5 3 3 2 2 1 3 2 1 3 3 1 2 3 5 5 3 4
20
2 2 4 3 4 3 1 1 3 3 2 2 4 3 4 2 4 1 2 1
20
1 1 1 1 1 1 1 1 1 1 1 1 1 1 1 1 1 1 1 1
20
10 5 8 15 6 3 14 1 5 10 20 7 5 5 1 5 11 6 5 1
20
9 1 17 11 14 13 20 7 2 18 18 1 7 20 20 4 8 11 20 17
20
3 2 2 3 2 2 5 4 4 3 5 3 2 5 5 2 5 3 3 1
20
9 7 4 1 3 10 8 6 10 8 3 10 2 4 5 10 8 9 7 8
20
4 14 6 16 15 3 6 15 8 7 13 12 2 14 7 10 2 12 5 3
20
13 15 8 8 16 12 11 8 1 11 18 16 17 7 3 4 18 4 4 5
20
1 3 3 5 1 1 5 4 3 2 1 3 4 1 3 2 3 1 4 5
20
4 12 8 5 10 9 10 2 3 1 5 5 7 14 12 2 6 16 9 4
20
2 7 1 10 3 6 2 4 11 6 12 8 6 5 1 2 2 3 1 8
20
11 10 3 5 10 5 3 12 2 11 4 13 12 13 12 10 10 15 15 10
20
11 2 6 11 7 10 5 3 12 3 3 12 13 10 7 11 3 8 3 5
20
10 5 1 6 3 4 7 8 3 5 10 7 7 4 10 8 5 1 9 5
20
13 9 12 16 6 16 14 13 5 18 5 3 11 11 17 11 14 15 16 20
20
8 3 6 1 8 2 8 2 9 1 4 8 3 4 4 3 7 5 3 9
20
7 7 2 8 5 2 2 8 8 6 4 5 3 4 7 3 8 1 5 8
20
1 6 7 7 3 5 2 4 6 8 7 1 1 4 5 8 5 6 2 4
20
4 14 9 10 2 4 3 12 9 11 5 6 3 12 13 8 11 12 6 7
20
3 12 5 13 8 5 8 13 7 1 4 11 6 4 14 2 11 7 1 5
20
11 3 6 1 5 12 7 5 14 14 6 5 11 2 11 4 11 7 11 4
20
10 6 19 14 6 4 16 10 1 15 13 6 9 2 14 4 11 4 19 7
20
8 8 14 2 10 3 9 14 10 14 10 13 3 2 16 10 4 10 12 4
20
1 1 1 1 1 1 1 1 1 1 1 1 1 1 1 1 1 1 1 1
20
4 1 3 2 2 4 1 3 2 1 1 4 4 3 1 3 2 3 1 2
20
14 14 8 4 8 1 14 1 10 14 5 7 4 12 12 15 14 8 2 14
20
5 16 16 10 14 19 16 6 6 9 19 9 7 3 8 9 2 9 13 4
20
1 4 1 5 4 1 4 3 2 4 2 4 5 3 3 3 4 4 4 4
20
1 1 1 1 1 1 1 1 1 1 1 1 1 1 1 1 1 1 1 1
20
6 7 9 7 6 9 10 8 7 9 8 1 2 6 12 6 2 13 10 7
20
2 5 7 1 3 2 6 3 6 1 3 4 3 6 6 3 5 2 6 3
20
4 5 2 1 2 4 5 5 6 4 5 6 6 3 3 4 4 5 3 6
20
2 1 2 1 2 1 2 3 3 3 2 2 1 3 3 2 1 2 1 3
20
17 12 13 2 14 15 17 17 12 10 12 4 13 11 17 13 2 1 10 11
20
2 1 1 1 1 1 2 1 2 1 1 1 2 2 2 1 1 1 2 2
20
1 6 4 4 1 2 4 5 6 2 3 1 2 4 3 2 2 5 2 4
20
14 14 9 6 14 4 5 1 5 1 2 5 9 15 5 6 16 12 1 5
20
4 1 3 3 6 4 6 5 4 1 1 4 2 2 6 4 2 2 4 4
20
4 2 3 7 4 7 7 2 6 1 3 2 6 2 9 2 2 1 5 2
20
1 1 1 1 1 1 1 1 1 1 1 1 1 1 1 1 1 1 1 1
20
12 14 2 18 9 1 18 3 20 13 8 10 13 14 9 7 8 14 5 2
20
3 5 7 7 2 3 6 5 7 6 2 2 6 7 5 7 2 5 6 6
20
6 4 2 9 2 2 1 1 2 1 4 8 6 3 9 4 3 7 2 5
20
10 20 4 8 10 3 19 11 20 10 3 13 11 18 2 11 12 18 12 2
20
1 1 2 2 1 1 1 1 1 1 2 2 1 1 1 2 2 1 1 2
20
6 8 1 7 4 2 8 8 3 9 8 4 8 6 9 5 9 1 2 4
20
10 8 5 13 10 11 11 1 1 12 7 7 10 8 1 8 5 6 5 4
20
3 3 4 3 3 1 1 3 2 4 1 4 3 2 4 3 2 4 2 3
20
8 14 17 1 3 9 8 18 13 9 14 4 2 5 15 10 9 7 15 13
20
9 1 4 10 7 3 10 6 8 7 6 8 5 5 11 2 9 4 2 7
20
16 9 17 5 8 17 12 18 8 11 14 10 15 14 14 14 1 11 18 8
20
3 3 1 1 2 3 3 2 2 3 3 2 3 3 2 1 2 2 1 3
20
8 10 2 5 15 9 1 1 3 8 4 9 3 11 12 5 1 8 13 12
20
1 1 1 1 1 1 1 1 1 1 1 1 1 1 1 1 1 1 1 1
20
20 2 19 2 6 2 5 4 8 12 8 15 13 18 6 19 14 11 4 15
20
3 3 2 2 2 1 2 2 1 1 1 2 2 3 2 1 3 2 1 2
20
2 12 8 8 6 6 5 7 6 10 6 6 8 4 2 9 7 12 5 7
20
7 7 4 3 1 9 4 9 1 6 5 4 6 3 3 6 7 2 4 3
100
2 2 1 4 4 3 71 5 76 6 6 76 7 7 7 8 8 74 10 12 11 13 13 13 14 14 14 73 15 16 16 76 17 17 76 18 20 20 21 21 21 23 24 25 26 26 28 73 29 29 29 30 30 32 33 34 33 37 37 38 41 41 39 43 44 42 45 74 46 46 46 50 50 49 52 52 51 54 54 54 56 56 55 57 57 57 60 59 59 61 63 63 64 76 67 65 65 68 69 69
100
2 1 1 5 5 6 8 7 8 9 9 9 10 11 12 13 14 70 15 16 15 18 17 71 19 19 19 20 20 20 23 23 23 26 26 26 27 27 70 30 28 30 31 32 31 33 34 33 35 70 68 37 37 68 40 38 40 69 42 42 42 43 43 43 44 44 44 47 46 46 68 49 70 50 51 51 53 53 53 56 56 69 58 58 57 60 61 61 62 62 62 63 64 64 65 65 65 66 66 66
100
1 1 1 2 2 2 3 64 4 4 5 65 6 6 6 8 8 8 65 10 9 10 12 12 12 13 14 61 15 16 17 19 18 18 22 21 21 62 24 23 24 25 25 25 27 27 27 28 28 28 30 30 30 31 67 32 32 33 34 66 35 36 35 38 37 64 41 41 39 44 44 43 46 45 61 47 47 47 50 48 49 51 63 52 52 52 53 53 53 54 54 54 55 57 57 59 58 58 60 60
100
59 1 2 1 59 4 5 4 7 7 7 9 8 9 11 11 12 66 14 14 15 16 16 63 17 17 17 18 18 61 20 20 20 22 22 22 23 23 23 24 59 25 60 27 26 27 29 29 29 30 31 31 32 34 34 36 36 35 37 37 37 38 61 39 39 39 41 41 41 43 67 45 44 45 49 49 47 50 50 50 51 51 51 52 52 63 53 53 53 54 54 54 55 55 56 57 57 57 58 58
100
2 1 2 3 3 60 4 6 6 8 7 8 9 10 11 13 12 12 14 14 14 15 17 17 18 18 63 21 21 20 67 22 22 22 23 23 23 24 26 24 27 27 27 28 28 28 29 60 30 30 30 31 31 31 32 32 32 33 33 33 34 60 36 36 36 37 59 38 38 38 40 40 39 41 41 42 43 44 43 45 63 47 47 47 48 48 49 50 50 65 53 51 52 55 55 54 57 57 66 58
100
1 1 1 2 2 2 3 3 3 4 4 4 6 6 64 8 7 7 10 10 10 11 11 12 13 64 14 16 15 18 18 18 21 19 20 22 22 22 23 23 64 24 64 26 26 27 28 64 29 29 29 32 31 32 33 64 34 35 35 37 36 37 39 39 64 41 42 42 44 43 44 64 45 45 45 46 48 46 49 51 51 52 52 52 54 54 54 56 56 56 58 58 64 60 59 59 61 64 63 62
100
1 66 2 2 2 3 3 3 4 6 4 7 8 57 9 60 10 10 10 11 11 11 12 13 14 17 16 17 19 19 18 21 21 21 23 22 23 24 25 25 28 28 26 61 30 29 29 31 32 58 34 34 33 60 37 37 35 38 38 38 39 61 40 41 40 42 42 42 43 66 44 44 44 45 45 45 46 46 46 47 47 47 48 48 48 50 50 50 51 51 51 52 52 53 54 54 54 55 56 55
100
60 1 1 1 64 2 2 2 3 5 4 6 57 7 7 7 8 9 10 11 11 11 13 13 13 15 15 15 18 17 16 21 19 21 23 22 64 25 24 24 26 26 26 27 27 27 28 61 29 57 30 59 33 31 33 34 34 34 61 35 35 37 38 38 38 39 40 39 41 59 42 42 42 43 43 63 46 46 46 47 47 47 49 49 49 50 50 50 51 51 51 52 52 52 53 53 53 55 56 54
100
1 1 1 2 2 2 3 4 3 5 7 7 8 8 8 10 9 9 11 13 11 14 14 14 15 15 15 18 17 16 19 19 19 21 21 23 24 24 24 25 51 27 27 27 28 28 28 56 56 29 29 30 31 31 31 33 32 34 35 35 35 36 36 36 37 37 55 38 52 53 39 39 40 41 41 41 55 42 42 42 43 43 43 45 45 54 56 46 46 46 47 47 57 48 48 48 49 49 49 50
100
2 3 2 5 5 4 7 68 8 9 8 12 12 11 13 14 13 16 15 68 70 18 19 18 20 20 69 23 23 23 24 24 24 25 68 28 26 26 29 29 71 31 31 32 33 33 33 34 35 35 36 36 36 37 37 37 39 38 39 40 40 42 43 43 43 46 45 44 47 47 68 49 48 48 51 51 51 52 71 69 53 55 55 57 58 57 59 71 60 60 60 63 61 63 64 64 64 66 66 67
100
1 1 1 63 2 2 2 4 5 3 6 7 7 10 8 8 11 12 11 13 13 13 14 15 14 18 18 17 19 19 19 20 21 21 22 23 22 66 24 26 25 27 63 28 28 28 30 31 30 33 32 33 35 34 35 65 37 37 37 38 38 38 64 39 39 39 40 63 66 41 41 41 44 43 44 47 46 47 48 67 50 49 65 51 51 51 52 53 54 55 55 55 57 57 58 61 59 61 62 62
100
1 1 70 2 2 2 3 5 3 6 6 6 7 8 8 10 68 12 11 11 14 68 15 68 16 17 17 18 18 18 20 20 20 21 22 66 24 24 68 26 25 25 29 29 28 31 31 30 32 32 32 34 34 33 37 36 38 39 40 39 41 71 42 43 43 46 45 44 47 47 70 49 50 50 51 51 51 52 52 52 53 55 55 56 67 57 57 57 58 58 58 59 59 59 61 61 62 64 64 64
100
2 2 68 3 3 4 5 5 5 7 8 6 9 9 9 11 11 11 12 12 71 13 13 14 15 71 16 16 16 17 73 18 18 19 21 20 20 67 23 22 23 24 24 24 26 26 26 27 28 27 31 31 29 33 33 33 37 36 36 38 38 38 41 41 40 42 42 42 69 43 43 45 46 72 49 49 47 51 51 51 52 72 54 53 55 71 58 56 58 59 59 59 60 60 62 63 64 72 66 65
100
1 74 3 3 2 71 4 4 73 6 6 72 9 9 9 10 12 11 14 14 15 16 16 16 17 18 71 19 20 21 24 23 23 26 25 25 29 27 29 69 32 32 30 33 33 33 34 36 36 37 37 37 39 38 38 40 40 41 42 42 72 44 43 45 46 47 46 49 49 49 51 72 54 52 54 55 56 55 57 57 57 58 58 58 59 60 59 61 61 74 63 64 63 65 65 65 72 66 68 68
100
1 1 68 2 4 4 5 7 6 10 8 10 11 11 11 12 73 13 67 15 14 16 17 17 17 66 18 18 18 20 19 20 22 21 21 23 23 23 25 24 24 26 66 72 75 29 28 27 30 30 67 32 32 32 34 34 35 66 36 36 36 37 38 37 41 40 41 43 42 42 45 46 45 47 47 48 49 49 49 51 51 51 52 53 52 55 54 54 74 56 56 58 60 60 59 61 63 63 64 64
100
71 2 1 3 5 5 5 8 8 7 11 11 11 13 13 73 15 15 14 16 16 16 17 17 17 18 71 19 19 19 20 20 72 23 23 22 26 27 25 28 71 29 29 29 30 31 30 33 33 71 34 34 73 36 37 37 38 38 38 41 42 40 43 44 44 47 46 47 49 51 50 52 52 52 56 56 55 57 71 73 58 58 59 60 60 60 61 62 62 64 65 64 67 66 66 68 68 73 70 70
100
2 1 1 3 3 3 6 5 5 66 7 7 7 8 8 8 9 9 9 10 64 12 12 11 13 13 13 14 14 14 15 63 16 16 16 18 64 19 19 19 20 20 20 22 63 23 23 63 26 26 25 29 28 27 30 30 30 32 32 34 35 62 37 36 37 38 38 38 64 41 39 39 43 42 43 45 44 45 48 47 48 51 49 50 52 53 52 55 57 56 58 59 59 60 60 60 61 61 64 63
100
2 2 2 5 5 5 6 6 6 7 7 7 8 9 8 11 10 11 59 13 13 13 14 14 14 15 58 16 17 16 19 20 20 21 21 58 22 22 22 24 25 23 26 26 26 27 27 27 28 28 28 58 30 30 29 60 32 32 32 33 33 33 34 34 34 35 35 35 37 38 37 40 40 39 41 41 57 57 44 43 44 59 61 46 45 45 48 47 47 50 60 53 53 52 54 54 54 55 55 55
100
1 2 2 3 3 3 5 5 5 6 6 6 7 8 7 9 11 11 13 13 12 14 16 16 17 69 67 18 19 18 22 21 20 23 25 25 26 26 26 27 67 28 28 29 31 32 31 33 68 34 35 35 36 36 37 69 40 38 38 41 43 41 44 44 44 46 46 45 48 49 49 51 51 51 68 53 53 53 54 54 54 56 67 57 57 57 58 70 59 59 71 60 67 61 61 62 64 64 64 65
100
1 1 67 2 2 2 3 3 3 5 5 4 7 7 8 9 11 9 69 12 13 12 15 16 16 18 19 18 20 20 20 22 21 70 23 23 23 24 25 25 27 27 27 29 28 28 30 31 30 34 33 32 70 36 36 35 37 75 38 38 38 41 40 41 42 42 42 43 43 70 45 47 45 49 48 48 74 51 70 52 52 74 54 55 54 57 56 57 59 59 59 60 60 60 63 63 64 65 71 66
6000
2 3 1 1 2 6 7 7 6 5 10 10 8 8 8 12 12 11 12 11 13 13 13 13 13 15 15 15 15 15 17 18 17 18 17 22 23 20 22 20 24 24 3531 27 26 27 28 27 32 30 30 33 34 35 35 35 35 35 36 3454 37 37 37 37 37 3542 38 38 38 38 38 40 40 3486 41 43 41 43 43 45 45 44 45 44 51 48 50 47 51 3492 54 52 54 53 56 57 59 61 59 57 62 63 62 62 63 3485 64 66 67 66 65 69 69 68 68 69 73 71 70 70 3462 74 78 74 78 74 79 3502 81 82 83 83 3453 86 84 84 86 85 3453 3494 3473 87 87 87 87 87 88 88 88 88 3543 93 91 91 90 91 94 95 94 94 94 97 97 96 96 96 99 99 98 98 99 100 100 102 102 101 105 103 106 105 103 111 111 112 109 110 115 114 113 114 114 118 117 118 118 118 119 120 119 120 119 3515 123 124 124 124 122 125 3491 126 3502 130 130 128 129 129 133 134 132 132 131 136 135 135 136 138 141 139 139 140 139 144 147 147 145 146 150 150 151 150 152 154 155 154 154 155 158 158 157 157 160 161 162 162 161 162 163 163 163 163 163 167 164 167 168 168 169 170 169 3514 173 175 174 175 172 178 179 178 180 179 181 181 181 181 181 182 182 183 183 182 185 185 3500 187 187 187 186 186 188 188 188 189 188 190 191 191 191 190 195 194 195 194 193 197 196 196 3452 198 198 199 198 3503 201 203 201 201 202 204 204 204 3542 207 207 207 207 207 208 208 208 208 208 209 3512 212 211 212 212 210 214 216 216 215 214 3454 217 218 217 3539 222 220 223 221 220 225 225 226 226 226 229 229 229 228 229 231 231 231 230 230 234 234 234 234 236 238 240 238 240 239 242 242 243 242 243 244 247 245 248 244 249 252 252 250 251 253 255 254 254 255 256 3546 257 3498 259 261 260 260 261 262 264 263 262 263 3507 269 270 267 268 269 271 271 3494 274 272 274 273 274 275 275 275 275 275 3515 276 276 276 276 276 280 281 277 278 279 282 284 283 283 283 3460 285 286 286 286 285 289 289 3496 292 290 292 290 291 295 296 296 294 294 297 297 297 297 299 302 302 301 300 301 303 303 306 306 304 308 307 308 307 308 309 309 309 309 309 310 310 310 310 311 313 313 312 316 315 317 3486 318 3476 320 319 319 3467 322 322 323 323 321 325 324 325 325 324 326 326 326 326 326 327 327 327 327 328 329 3468 330 330 330 330 331 3542 332 3509 333 333 334 3506 337 338 336 337 336 343 343 340 343 340 346 345 347 347 347 349 348 348 3451 351 353 353 352 353 358 356 356 358 358 359 359 3531 362 360 360 361 360 363 363 3505 364 364 3526 369 368 366 367 368 371 3513 373 376 376 376 376 377 378 377 378 377 379 379 379 379 379 380 380 380 380 3520 381 381 381 381 381 383 383 382 382 382 385 385 3540 388 387 387 387 388 390 391 390 389 391 392 3455 394 393 3483 396 395 395 396 396 398 400 397 399 399 402 402 401 402 401 403 3476 404 3486 408 405 409 408 405 411 410 411 410 3460 412 412 412 412 412 414 413 414 414 413 418 419 418 417 415 420 421 3504 425 424 423 425 425 426 3545 429 430 429 429 3477 433 432 431 432 433 435 435 435 435 435 436 437 438 438 3529 439 439 439 439 439 440 440 440 440 440 445 445 444 444 445 450 448 446 449 449 452 451 451 451 452 3532 3485 454 457 456 455 457 460 459 460 459 461 465 465 464 465 465 470 466 466 470 467 475 475 471 475 471 476 477 477 476 477 481 481 481 480 481 483 484 485 482 482 486 486 486 486 486 491 487 487 490 489 493 493 3540 496 496 494 496 495 497 497 497 497 497 498 498 498 498 498 500 500 499 3520 503 502 502 501 502 504 3542 505 505 505 505 505 506 507 507 507 3544 510 508 509 508 510 3484 512 514 512 512 513 518 517 518 517 517 519 519 519 519 519 520 520 520 520 520 524 525 524 521 521 3543 526 526 526 526 526 530 531 530 527 531 534 534 535 534 534 536 537 536 538 3488 540 540 540 540 540 542 543 542 542 543 547 545 546 547 547 548 551 550 548 548 554 556 556 554 553 560 557 560 557 560 561 561 561 561 561 563 562 563 562 563 565 564 564 565 564 569 569 568 568 569 571 571 572 571 571 573 573 573 573 573 577 577 577 576 577 580 579 579 579 3524 581 3506 585 585 582 585 585 586 588 590 589 588 591 591 591 3527 595 593 595 594 593 596 596 596 596 597 599 599 600 599 600 601 604 605 603 602 608 608 608 3490 610 609 610 610 609 615 613 613 614 611 616 617 616 616 616 619 618 618 618 3502 623 623 622 622 622 626 625 624 627 625 629 629 628 629 628 633 630 632 631 630 634 635 636 635 3457 639 640 639 641 639 644 643 643 645 643 648 647 646 3514 649 649 650 649 650 652 652 652 652 652 654 654 654 653 654 658 3490 659 3482 663 661 663 663 660 666 665 665 666 666 667 3536 669 668 3506 671 671 670 670 671 672 672 3498 673 673 673 673 673 676 677 678 675 678 3546 679 679 679 679 679 680 681 683 683 681 685 684 685 686 686 690 691 689 687 687 692 3518 693 3488 694 694 694 694 694 695 695 3453 696 696 3514 697 697 697 697 697 700 699 701 698 3463 702 702 703 702 703 706 706 706 706 706 707 707 707 707 707 708 711 708 711 3457 715 713 713 715 715 717 717 716 717 716 719 719 718 3502 722 724 720 721 722 725 725 725 725 725 726 3479 728 727 728 728 727 730 731 731 730 730 733 732 732 734 3501 735 735 737 737 737 739 739 740 739 740 745 741 745 743 744 746 746 746 746 746 749 750 747 748 3452 753 753 752 752 753 755 757 754 755 757 758 759 760 758 760 763 763 762 763 762 764 764 764 764 764 765 3488 3508 766 766 766 768 768 769 3485 772 772 772 770 772 773 3522 3496 776 777 774 775 775 779 782 782 782 781 787 784 784 786 783 788 3483 791 789 789 790 791 796 795 794 793 792 797 797 797 797 797 798 802 802 798 800 803 803 803 803 803 3482 806 807 805 806 807 811 809 811 808 811 812 812 812 812 3516 813 814 814 814 813 815 816 816 815 815 817 817 3543 3530 819 818 819 820 819 824 824 826 825 826 830 828 828 829 3486 831 831 833 3493 835 835 834 835 834 837 837 837 837 837 838 838 838 838 838 840 840 839 839 841 3521 842 3539 843 844 844 843 845 3477 846 846 846 846 846 849 849 848 851 850 852 852 852 3481 856 853 853 855 856 857 857 857 3547 858 3498 3488 861 859 861 859 861 866 862 862 863 862 870 868 869 870 869 872 872 872 871 872 873 876 876 877 874 3511 879 879 879 879 878 880 880 882 881 881 883 883 883 883 884 885 885 885 3494 886 886 886 886 886 887 3476 888 888 888 888 888 891 890 890 892 3479 893 893 893 893 893 896 895 896 895 3501 3489 899 900 899 899 899 901 903 901 903 902 904 905 905 904 905 906 906 906 906 906 911 911 910 908 911 912 912 912 914 3510 916 916 3487 919 918 918 3451 921 922 922 922 922 923 924 924 923 923 926 925 925 926 925 930 930 928 929 927 935 933 934 932 3523 936 937 936 936 936 938 938 938 938 938 939 939 939 939 3458 941 941 940 940 940 942 942 942 942 942 943 944 3488 3451 945 945 945 945 945 946 3546 947 3478 948 3511 3550 950 949 950 949 950 951 951 951 951 951 953 953 952 953 952 955 956 956 956 956 957 957 958 3491 3471 960 959 959 959 959 961 961 3489 962 3528 963 963 963 963 963 964 3548 3514 966 967 966 965 967 968 969 3467 3504 3523 3477 971 970 970 971 3530 972 972 974 974 972 975 975 976 976 976 977 977 3487 981 982 978 981 980 3498 987 986 984 984 983 989 988 989 989 988 991 991 992 3489 995 998 998 997 997 999 999 999 999 999 1000 1000 1001 1000 1002 1003 3480 1005 1006 1004 1005 1006 3546 1008 1008 1008 1010 1010 1011 1011 3474 3514 1014 1012 1012 1012 1014 1016 1015 1016 1017 3523 1020 1020 1019 1019 1019 1022 1025 1025 1023 1023 1028 1028 1027 1027 1028 1032 1033 1031 1033 1032 1034 1034 1034 3486 1035 1035 1036 1035 1036 1037 1037 1037 1038 1037 1040 1042 1042 1042 1041 1044 1044 1044 1044 1044 1047 1047 1046 1045 1047 3532 1051 1051 1050 1049 1051 1054 1057 1055 1057 1057 1060 1059 1058 1059 1060 1061 1061 1061 1061 1061 3464 1062 1062 1065 1065 1065 1069 1068 1068 1069 1069 1071 3490 1072 1072 1072 1072 3501 1076 1074 1076 1073 1073 1077 1078 1079 1079 1078 1084 1082 1082 1082 1082 1085 1086 1085 1086 1086 1091 1091 1089 1092 1088 1094 1095 1094 1095 1096 1098 1098 1098 1098 1098 1099 1099 1099 1099 1099 3498 1100 1103 1101 1101 1101 1104 1104 1104 1104 1104 1106 1107 1105 3503 1109 1111 1110 1109 1110 1115 1114 1113 1113 1116 1117 1117 3497 3509 1119 1119 1118 1119 1118 1121 1121 1123 1122 1121 1124 1124 1124 1125 3469 1128 1128 1128 1128 1128 1129 3529 1130 3487 1131 1133 1132 1132 3453 1137 1139 1135 1136 1138 1141 1141 1140 1140 1141 3523 1144 1142 1145 1145 1145 1148 1147 1147 1147 1149 1151 3459 1156 1156 1153 1153 1154 1157 1157 1157 1157 1157 1159 1158 1161 1160 1158 1162 1164 1164 1163 1163 1167 1165 1166 1167 1165 1171 1170 1170 3546 1172 1173 1172 1172 1174 3462 1177 1178 1179 1179 1178 1180 1180 1180 1180 1180 3496 1181 1181 1181 1181 1181 1182 1182 3519 1183 1184 1185 1185 1183 1191 1190 1190 1190 1190 1192 1192 1192 1192 1192 1197 1195 1197 1194 1197 1200 1199 1202 1199 1201 1204 1204 1203 1204 1203 1206 1206 1206 1206 1206 1207 1208 1208 3533 3540 1209 1209 1209 1209 1209 1210 1210 1210 1210 1210 1211 3460 1212 1212 1212 1212 1212 1214 1213 1214 1217 1217 1218 3504 1220 1220 1220 1219 1220 1221 1221 1221 1221 1221 1223 1224 1222 3462 1225 1225 1225 3503 1226 1227 3516 1228 1228 3540 1230 1230 1230 3508 1232 3492 1235 1234 1234 1233 1237 1238 3543 1239 1240 1240 1240 1239 1244 1245 1242 1243 1246 1250 1247 1247 1247 1250 1251 3466 1253 1252 1252 1253 1252 1254 1255 1256 1254 1254 1258 1257 1260 1260 1259 3504 1263 1265 1263 1261 1261 1266 1267 1266 1266 1268 1271 1270 1270 1272 1271 1273 1273 1273 1273 1273 1274 1274 1274 3463 1277 1277 1276 1276 1277 1278 1278 1278 3543 1279 1279 1279 1279 1279 1282 1280 1281 3524 1284 1285 1284 3529 1287 1286 1287 1287 1287 1288 3470 1292 1293 1291 1289 1291 1297 1295 1294 1296 1294 1298 1298 1298 1298 1298 1299 1299 1299 1299 1299 3510 1300 1300 1302 1300 1300 1303 3525 1307 1307 1305 1306 1306 1309 1309 3493 1311 3519 3511 1312 1312 1312 1312 1312 1315 1314 1315 1314 1314 1320 1320 1316 1319 1316 1323 1322 1324 1324 1324 1325 1325 1325 1326 1325 1327 1328 1329 1328 1327 1333 1331 1332 3479 1335 1338 1335 1335 1337 1339 1340 1339 1340 1340 1341 1341 1341 3526 1343 1342 3500 1344 1344 1344 3512 1345 1346 1348 1346 1345 3460 1351 1351 1351 1351 1350 3537 1354 1354 1353 1355 1353 1358 1358 1357 1358 1358 1360 1359 1363 1359 1361 1364 3527 1366 1365 1365 1365 3521 1367 1367 1367 3526 1368 1368 1368 1368 3466 1369 1369 1369 1370 1369 1372 1373 1373 1372 3476 1374 1374 3504 1378 1377 1377 1375 1377 1383 1380 1382 1382 1383 1384 1384 1384 1384 1384 1386 1387 1387 1386 1385 1388 1389 3478 1392 1391 1391 1391 1393 1397 1395 1397 1395 1394 1398 1398 1399 1398 1399 3469 1400 3478 1402 1402 3539 3466 3524 1404 1404 3521 1405 1406 1406 1405 1405 1408 1407 1410 1409 1411 1412 3546 1413 1413 3475 3487 1414 1414 1414 3481 1417 1415 1415 1417 1418 1421 1420 1420 1424 1423 1425 1425 1426 1425 1426 1428 1427 1429 1428 1429 3510 1431 1434 1430 1430 1433 1436 1436 1435 1435 1436 1438 1438 1438 1437 1437 1441 1440 1442 1440 1440 1446 1445 1445 1443 1445 1447 1447 1447 1447 1447 1452 1452 1449 1449 1449 1453 1453 1453 3508 1455 1455 1455 1455 1454 3522 1457 1458 1458 1456 1457 1460 1460 1461 1461 1462 1464 1463 1463 1464 1464 1465 1465 1465 1465 1465 3490 1468 1469 1467 1468 1466 1471 1471 1472 1470 3507 1475 1474 1475 1476 1474 1480 1479 1478 3532 1485 1482 1482 1485 1482 1486 1486 1486 1486 1486 1487 1487 3467 1490 1492 1489 1490 1493 1494 1494 1494 1494 1494 3466 1497 1496 1496 1495 1496 1500 1499 1499 1500 1499 1504 1503 1505 1503 3482 1506 1506 1506 1506 1506 1507 1507 1508 1507 1508 1510 1510 1510 1509 1510 1512 1511 1511 1511 1512 1514 1514 1513 3532 1518 1518 1517 1518 1518 1521 1520 1519 1521 1521 1522 1525 1524 1522 1524 1530 1527 1527 1527 1529 1532 1533 1532 1531 1531 1534 3513 1535 1536 1537 1535 1537 1538 1538 1538 1538 1538 1539 1539 3462 1540 1540 3480 1541 1542 1542 1541 1542 1545 1544 1545 1545 1545 1546 1546 1546 1546 1546 1551 1549 1547 1547 1551 1552 3463 1553 1553 3461 1554 1556 1556 1555 1554 1557 1557 1557 1557 1557 1558 3469 1559 1562 1563 1561 1563 1565 1565 1565 1565 1565 1568 1567 1567 1566 1567 1570 1570 1570 1570 1571 1572 1572 3536 1574 1574 1573 1574 3498 1575 1578 1578 1575 1576 1580 1580 1580 1581 1580 1582 1582 1582 1582 1582 1586 1586 1584 1585 1585 1590 1590 1589 1589 1590 1593 1594 1593 1594 1592 3528 1596 1595 1596 1596 1595 1597 3502 3462 1598 1598 1598 3532 1601 1601 1599 1600 1601 1603 1604 1605 1602 1605 1608 1607 1608 1608 3532 1609 1611 1609 1611 1609 1613 1613 1612 1613 1613 1618 1615 1617 1616 1616 1619 1621 1619 1620 1621 1624 1624 1622 1623 1623 1626 1628 1625 1628 1628 1630 1630 1630 1630 1630 1632 1632 1632 1632 1632 1633 1634 1633 1635 1633 1638 1636 1638 1640 1636 1641 1642 1642 1642 1643 1644 1644 1644 1644 1644 1645 1645 1645 1645 1645 1646 1648 1648 1648 1646 1650 1652 1651 1650 1651 1654 1657 1654 1656 1654 1659 1658 1659 1659 1658 1661 1660 1662 1660 1660 1667 1666 1666 1669 1665 1673 1671 1671 1671 1670 1674 1674 3517 1675 1675 1675 1675 1675 1676 1676 1676 1676 1676 1677 1677 1677 1677 1677 1679 1680 1679 1679 1680 1682 3454 1684 1683 1685 1683 1683 1687 1686 1687 1686 1686 1688 1689 1689 1688 1689 1690 1690 1690 1690 1690 1696 1696 1694 1697 1696 1699 1699 1700 1700 1698 1702 1704 1704 1704 1703 1706 1705 1706 1706 1706 1709 1708 1708 1709 1707 1713 1712 1710 1711 1712 1714 3495 1719 1715 1717 1716 1716 1720 1720 1720 1720 1720 1721 1721 1721 1721 1721 1723 1723 1724 1724 1722 1725 1726 1726 1729 1729 1733 1732 1730 1733 1730 1735 1735 1735 3462 1739 1739 1736 1737 1736 1740 1740 1740 1740 1740 1741 1741 1741 1741 1741 1743 1743 3464 1744 1744 3475 1746 1745 1745 1745 1746 1747 3468 1748 1749 1749 1749 1749 1750 1751 1752 1751 1750 1754 1754 1753 1753 1754 1757 1757 1756 1756 1756 1758 1758 1758 3483 1759 1759 1759 1761 3479 1764 1762 1762 1763 1762 1768 1765 1766 1769 1769 1772 1773 1773 1770 3550 1775 1774 1775 1775 1775 1777 1777 1777 1777 1777 1778 1778 1778 1780 1779 1781 1781 1781 1781 1781 1782 1782 1782 1782 3482 1783 1784 1784 3458 1787 1786 1786 1786 1785 1791 1791 1790 1788 1790 1792 1792 1792 1792 1792 1794 1794 1793 1795 1793 1796 1797 1797 3532 3535 1798 1798 1799 1799 1798 1801 3496 1805 1803 1802 1804 1805 1806 1806 1806 3492 1808 1808 3517 1811 1810 1809 3547 1814 1815 1812 1812 1814 1816 1817 1816 1816 1816 1820 1820 1820 1820 1820 1823 1823 1823 1826 1822 1827 1827 1827 1827 1827 1829 1829 1828 1829 1828 1830 1831 1830 1830 1830 1832 1832 1832 3533 1833 1833 1834 1836 1833 1837 1837 1837 1837 1837 1839 1838 1839 1839 1839 1841 1841 1840 1841 1840 1842 1842 1842 1842 1842 1843 1843 1843 1843 1843 1844 1845 1845 1844 1844 1846 1846 1846 1846 1846 1847 1851 1851 1851 1850 1853 1852 1853 1853 1853 3510 1855 1855 1855 1854 1855 1858 1856 1859 1856 1859 1864 1863 1864 1863 1864 1866 1865 1866 1866 1865 3514 1871 1869 1868 1871 1871 1874 1873 1873 1874 1874 1876 1876 1876 3458 1877 1877 1877 1877 1877 1879 1880 1879 1878 1878 1886 1886 1884 1883 1885 1887 1887 1887 1887 1887 1889 1889 1888 1889 1889 1891 1890 1892 1890 1891 1893 1893 1896 1896 1894 1898 1901 1898 1902 1900 3496 1903 1903 3492 1905 1905 1905 3454 1906 1906 1906 1906 1906 1907 1908 3493 1909 1909 1910 1910 1911 3468 1914 1914 1914 1914 1912 1916 1917 1915 1916 1915 1921 1918 1918 1918 1919 1922 1922 1923 1923 3481 3493 1924 1926 1927 1927 3511 1929 1929 1928 1929 1928 1932 1930 1934 1932 1933 1935 3491 1937 1936 1936 1938 1936 1939 1939 3528 1941 1940 1941 1941 1940 1943 1943 1943 1942 3463 1946 1946 1947 1946 1944 1948 3494 1949 1950 1950 1951 1951 1953 1953 1953 1953 1953 1955 1954 1954 1954 1955 3485 1956 1956 1956 3473 1960 1959 1957 1958 1958 1961 1962 1961 1962 1962 1966 1966 1969 1968 1967 3482 1972 1972 1971 1971 1971 1973 1974 1975 1974 1974 1980 1976 1977 1976 1977 1985 1982 1982 1981 1985 1986 3462 1987 1988 1988 1987 1987 1990 1989 1991 1990 1989 3543 3467 1993 1992 1992 1993 1993 1996 1996 1996 1997 1996 1998 1999 1998 1998 1999 2004 2002 2003 2002 2000 3456 2005 3488 2006 2006 2006 2008 2008 2011 2009 2012 2010 2009 2014 2014 2014 2014 2014 2015 2015 2015 2015 2015 2017 2018 2017 2018 2018 2019 2019 2019 2019 2019 2020 2020 3528 3481 2021 2021 2021 2021 2021 2022 2022 2022 2022 3511 2023 2023 2023 2023 2023 2024 2024 2026 2025 2024 2028 2028 2028 2028 2028 2030 2030 2030 2030 2030 2031 2031 2031 2031 2031 2033 2033 2032 3506 3498 2035 2035 2035 2035 2035 2036 2036 2036 3511 2037 2037 2037 2037 2037 2039 2039 2040 2042 2038 2043 3502 2045 2045 2045 2044 2044 2046 2046 2047 2047 2047 2048 2050 2049 2050 2050 2051 2051 2052 3517 2055 2056 2053 2053 3460 2059 2059 2058 3527 2061 2060 2061 2060 2060 2064 2062 2065 2063 2062 2066 2066 3533 2070 2069 2070 2071 2069 2073 2075 2074 2074 2073 2079 2077 2078 2078 2079 2083 2082 2083 3520 2084 2084 2087 2087 2087 2091 2091 2092 2090 2092 2093 3466 2094 2095 2094 2094 2094 2096 2096 2096 2096 2097 2098 2098 2098 2098 2098 2099 2099 2099 2099 2099 2100 2100 2100 2100 2100 2103 2102 2104 2103 2103 2105 2105 2105 2105 2105 2108 2107 2107 2108 2108 2110 2111 2112 3485 3493 2115 2113 2113 2114 2113 2116 2116 2118 2116 2116 2123 2120 2119 2120 2119 2124 2124 2124 2124 2124 3500 2125 2126 2125 2126 2125 2129 2128 2127 2128 2128 2132 2132 2132 2131 3539 2133 2134 2133 3454 2136 2136 2136 2136 2136 2137 2137 2137 2137 3517 3527 2140 2138 2140 2139 2139 3549 3532 2142 2142 2142 2141 2141 2143 2143 2143 2143 2143 2144 2144 2144 2144 2144 2147 2146 2148 2147 2145 2150 2150 2149 2150 2149 2151 2151 3503 2153 2153 2153 2153 2153 2154 2155 2155 2155 2154 2157 2157 2157 3470 3521 2159 2159 2158 2159 2158 2161 2160 2161 2160 3477 2162 2163 3536 2166 2166 2164 2166 3464 2170 2169 2169 2167 2169 2171 2171 2171 2171 2171 2172 2172 2172 3503 2174 2173 2173 2174 2173 2175 2175 2177 2177 2177 2179 2181 2179 2181 2181 2182 3539 2183 2183 2183 2183 2183 3492 2184 2184 2184 2184 2184 3550 2187 2185 2185 2185 2189 2190 2190 2190 2190 2190 2192 2191 3451 2193 2195 2195 2195 2195 2198 2198 2196 2199 2197 2201 2201 2201 3543 2203 2203 2204 2202 2203 2205 2206 2205 2205 2205 2208 2208 2208 2208 2208 2209 2209 3516 3470 2210 3528 2213 2213 2212 2211 2214 2215 2215 2215 2215 2215 2216 2216 2216 2216 2216 2221 2217 2219 2221 2218 3460 2223 2222 2222 3532 2227 2228 2228 2227 2224 2229 2229 2229 2229 2229 3466 2230 2230 2230 3452 2231 3530 2232 2232 2232 2232 2232 3470 2235 2233 2233 2234 3505 3474 2237 2236 3542 2238 2238 2238 2238 2238 2239 2239 2239 2240 2240 2242 2243 2242 2243 2243 2244 2244 2244 2244 2244 2245 2245 2245 2245 2245 2249 2247 2249 2246 2247 2250 2251 2250 3490 2252 3517 2255 2254 2254 2255 2255 2256 2256 2256 2256 2256 2257 3501 3526 2259 2259 2258 2260 2259 2261 2261 2261 2261 2261 2264 2263 2262 2263 2264 2268 2268 2268 2267 2270 2271 2271 2271 2271 3490 2274 2275 2276 2274 2272 2278 2278 2277 2278 2277 3519 2282 2279 2279 2282 2280 3526 2284 2284 2283 2284 2283 3507 2289 2286 2287 2288 2288 2291 2291 2290 2290 2290 2293 2294 2292 2293 2293 2295 2295 2295 3466 2296 3533 2297 2299 2297 2297 2299 2301 2302 2301 2301 2303 2304 3514 2309 2307 2305 2306 2308 2311 2310 2312 2312 2312 3536 2314 2313 2313 2313 2314 2319 2316 2317 2315 2319 2320 2320 2320 2320 2320 2322 2323 2321 2321 2322 2326 2327 2326 2327 2327 2329 2330 2330 2328 2329 2332 2331 2334 2332 2332 2338 2339 2337 2339 2339 2341 2341 2342 2344 2344 2346 2345 2346 2349 2346 2350 2350 3503 2352 3464 2353 2353 2354 2353 2354 2357 2355 2357 2356 2355 2360 2360 3513 2361 3473 2363 2362 2364 2363 2363 2366 2366 2366 2366 2366 2367 2367 2367 2367 2367 2369 2368 2369 2368 2368 2370 2370 2370 2371 2371 2373 2373 3533 2374 2375 2374 2374 2374 2377 3470 2378 2378 2380 2379 2380 2381 3532 2382 2382 2382 2382 2382 2383 3521 2385 2387 2386 2387 2387 2388 2388 2388 2388 2388 2390 2393 2392 2390 2390 2397 2397 2394 2394 2397 3488 2398 2398 2398 2398 2398 2402 2399 2401 2402 2403 2404 2404 2404 2404 2404 3517 2407 2405 2406 2407 2407 2411 2412 2413 2411 2411 2414 2415 2414 2414 2414 3493 2416 2416 2416 2416 2416 2418 2419 2417 2420 2417 2421 3456 2424 2424 2423 3514 2425 2426 2426 2425 2426 3546 2428 2427 2428 2427 2429 3518 3501 2430 3523 2431 2432 2431 2432 2432 2434 2434 2434 2434 2433 2435 2435 2435 2435 2435 2436 2436 2436 2436 2436 2437 2437 2437 2437 2437 2439 2440 2439 2439 2438 2442 2443 2442 2442 2443 2445 2445 2445 2448 2448 2450 2450 2449 2449 2450 2454 2455 2455 2453 2451 3466 2456 2456 2456 2456 2456 2458 2457 2458 2458 2458 2460 2459 2461 2459 2460 2466 2462 2466 2462 2465 2470 2470 2471 2467 2467 2473 2472 2472 2472 2474 3461 2476 2475 2475 2476 2475 2477 2477 2477 2478 2478 2480 2479 3501 2481 2483 2482 2481 3540 2485 2485 2485 2485 2485 2488 2486 2488 2488 2487 2489 2491 2490 2489 2491 2495 2492 2493 2494 3545 2497 2496 2496 3458 2499 3502 2500 2500 2500 2500 2500 2501 3486 2504 2505 2503 2502 2502 2506 2506 2508 2508 2507 2509 2509 2509 3514 2511 2510 2510 2510 3456 2513 2515 2514 2515 2515 2516 2516 2516 2516 2516 3505 2517 2519 2520 2520 2521 3508 2523 2525 2523 2524 2526 2528 2527 2527 2528 2527 2531 2530 2531 2531 2529 2534 2534 2535 2532 2533 2536 2536 2536 2536 2536 2537 3496 2538 2539 2540 2540 2539 2543 2543 2542 2543 2542 2544 3468 2545 3497 2546 2547 2547 2547 2546 3456 2549 2551 2551 2549 2549 2554 2557 2555 2557 2555 2558 2559 2562 2559 2561 2564 2563 2564 2564 2564 3549 2567 2568 2567 2566 2567 2569 2569 2569 2569 2569 2570 2570 2570 2571 2570 3538 2572 2573 2572 2572 2573 2577 2576 2577 2574 2577 2579 2579 2579 2579 2579 2581 2580 2580 2581 2580 3502 2582 2583 2583 2582 2583 2586 2584 2585 2584 2585 2587 3454 2588 2588 2588 2588 2588 2589 2590 3502 2591 2591 2592 2592 3467 2593 2593 3495 2595 2594 2594 2594 3472 2596 2597 2597 2597 2598 2601 2601 2601 2601 2599 2603 2602 2603 2602 2602 2606 2605 2606 2606 2605 2608 2608 2611 2611 2608 2612 2612 2614 2613 2614 2615 2617 2616 2617 2617 2618 2618 2618 2619 3524 2620 2620 2622 2621 2620 2624 3459 2625 2626 2626 2627 2627 2630 2632 2631 2628 2628 2635 2634 2635 2636 2634 2637 2639 2639 2638 2639 2640 2640 2640 2640 2640 2642 2643 2642 2641 2641 2646 2647 2647 2645 2644 2651 2648 2650 2648 2650 2653 2653 2653 2653 3523 2654 2654 2654 2654 2654 2658 2659 2657 2657 2657 2661 2662 2661 2660 2661 2666 2664 2665 2666 2665 2667 2667 2668 2668 2667 3481 3549 2671 2671 2669 2671 3468 2672 2672 2672 2672 2672 2675 2673 2673 2674 3455 2676 2678 2677 2677 2678 2680 2679 2680 2680 2679 2681 2681 2681 2681 2681 2683 2683 3496 2684 2684 2684 2686 2685 2690 2690 2688 2688 2690 2691 2692 2693 2691 2694 2696 2695 3535 2698 2697 2697 2698 2698 2702 2702 3484 3493 2703 2703 3481 2705 2708 2708 2708 2706 2710 2713 2713 2710 2711 2714 2714 2715 2715 2715 2718 2716 2717 2717 2718 2720 3487 2721 2721 2721 2721 2721 3458 2722 3547 3470 3532 2725 2723 2724 2723 3519 2726 3524 2728 2729 2728 2727 2727 2734 2733 2733 2733 2735 2736 2737 2736 2736 2736 2738 2738 3500 2739 2739 2739 2740 2739 2741 2743 2742 2742 2741 2744 2744 2744 2744 2744 2745 2745 3522 2746 2748 2748 2747 2747 2749 2750 2751 2752 2752 2755 2754 2754 2754 2755 2760 2758 2759 2759 2759 2761 2762 2761 2762 2763 2765 2766 2765 2764 3503 2767 2767 2768 2767 2768 2769 2769 2769 2769 2769 2770 2771 2772 2772 2770 2773 2773 2773 2774 2774 2776 2776 2778 2778 2775 2779 3534 2782 2783 2780 2780 2782 2784 2787 2785 2785 2786 2789 2791 2789 2789 2789 2792 2794 2793 2792 2793 2798 2798 2796 2796 2796 2802 2799 2799 2802 2800 2803 2804 2804 2805 2803 2807 2808 2808 2807 2808 2809 2809 2809 2809 2809 2810 2810 2810 2810 2810 2811 3508 2814 2815 2813 2815 2815 2818 2817 2818 3523 2820 2820 2822 2819 2820 2823 2824 2824 2823 2824 2828 2825 2827 2825 2828 2832 2832 2829 2833 2829 2836 2834 2835 2834 2836 2837 2837 2837 2837 2837 2839 2841 2839 2840 2842 2844 2844 2843 2843 2843 2845 2845 2845 2845 2845 2848 2846 2850 2846 2848 2853 2851 2851 2852 2851 3477 2856 3538 2857 3473 2858 2860 2861 2858 2860 2862 2862 2862 2862 2862 2864 2864 2863 3521 2865 2865 2865 3455 2866 2866 3549 3524 2867 3546 2868 2868 3525 2869 2870 3499 2871 2871 2871 2871 2871 2872 2872 2874 2872 2872 2876 2878 2877 2878 2877 2882 2881 2881 2883 2881 3527 2884 3478 2885 2885 2885 2886 2886 2887 2887 2887 2888 2888 2890 2890 3477 2893 2891 2893 2891 2891 2900 2896 2896 2896 2896 2901 2901 2901 2901 2901 2905 2902 2902 2904 2902 2907 2907 3470 2909 2908 2909 3479 2910 3529 2911 2911 2911 2911 3533 2913 2916 2913 2916 2914 2918 2918 2918 2918 2918 2921 2919 2921 2921 2922 2926 2927 2924 2923 2925 2929 2930 2930 2928 3514 2935 2933 2933 2935 2933 2936 3507 2937 2937 3457 2939 2938 2938 2938 2939 2940 3498 2941 2942 2941 2941 2941 2944 2943 2944 2944 3505 2948 2945 2946 2946 2946 2950 2949 2950 3530 2955 2951 2955 2955 2951 2956 2956 3528 2957 2957 2957 2957 2957 2962 2958 2958 2962 2961 2963 2963 3464 2964 2965 2966 2966 2964 2969 2967 2968 2971 2968 2972 2972 3519 2977 2974 2973 2976 2976 2980 2978 2978 2979 2978 2983 2981 2981 2983 2981 2986 2986 2986 2986 2986 2988 2988 2990 2990 2989 2991 2991 2991 2991 2991 2992 2993 2993 2992 2993 2994 2995 2996 2996 2996 3000 2998 3000 2998 2999 3002 3001 3003 3003 3001 3004 3004 3004 3004 3005 3006 3006 3006 3006 3006 3007 3007 3007 3007 3007 3009 3008 3008 3009 3009 3012 3012 3010 3014 3012 3016 3016 3016 3464 3020 3019 3020 3018 3460 3022 3021 3022 3022 3022 3024 3026 3023 3026 3025 3029 3027 3027 3027 3029 3030 3030 3030 3030 3030 3033 3035 3031 3031 3033 3037 3038 3036 3040 3040 3042 3042 3043 3545 3048 3046 3044 3048 3045 3548 3049 3523 3478 3050 3050 3051 3050 3050 3052 3052 3054 3053 3054 3056 3056 3056 3055 3055 3528 3062 3060 3058 3062 3060 3066 3064 3063 3065 3065 3068 3068 3523 3069 3486 3070 3070 3491 3072 3072 3072 3072 3072 3073 3074 3074 3074 3073 3075 3076 3075 3075 3075 3079 3077 3077 3079 3081 3082 3085 3082 3086 3083 3087 3087 3492 3089 3091 3089 3089 3088 3092 3092 3092 3092 3092 3093 3093 3093 3093 3093 3098 3097 3095 3095 3095 3100 3099 3099 3099 3100 3101 3102 3103 3102 3101 3104 3105 3106 3105 3107 3483 3108 3109 3109 3110 3110 3112 3112 3466 3113 3113 3114 3114 3114 3115 3115 3115 3510 3120 3117 3116 3119 3118 3123 3124 3123 3121 3121 3125 3546 3127 3126 3126 3126 3127 3129 3130 3129 3128 3128 3134 3134 3133 3133 3132 3139 3140 3140 3140 3138 3141 3141 3459 3144 3143 3488 3145 3470 3147 3147 3544 3150 3148 3149 3152 3149 3153 3154 3153 3153 3153 3157 3156 3157 3157 3156 3158 3158 3160 3159 3159 3163 3161 3163 3161 3163 3168 3167 3165 3168 3481 3172 3169 3170 3172 3171 3176 3178 3178 3178 3178 3179 3179 3179 3180 3179 3185 3184 3182 3185 3183 3186 3186 3186 3187 3511 3188 3188 3188 3501 3192 3190 3192 3191 3192 3194 3193 3193 3194 3193 3196 3196 3196 3196 3196 3197 3198 3197 3198 3197 3199 3199 3199 3199 3199 3201 3200 3457 3203 3203 3202 3205 3203 3206 3206 3207 3210 3207 3213 3213 3213 3211 3213 3214 3215 3217 3215 3215 3220 3220 3536 3221 3223 3222 3221 3223 3226 3227 3226 3227 3226 3229 3228 3230 3228 3230 3231 3231 3231 3231 3232 3234 3237 3233 3237 3236 3240 3239 3240 3242 3240 3243 3522 3244 3245 3245 3517 3249 3250 3246 3248 3247 3253 3252 3254 3255 3253 3257 3256 3257 3509 3258 3259 3521 3260 3468 3261 3261 3261 3261 3262 3263 3264 3265 3264 3263 3269 3270 3270 3269 3267 3273 3275 3271 3273 3274 3277 3278 3277 3277 3277 3281 3281 3281 3280 3280 3285 3282 3285 3286 3282 3287 3287 3526 3288 3292 3288 3290 3289 3293 3293 3293 3293 3293 3294 3295 3295 3295 3294 3492 3297 3297 3297 3297 3297 3298 3299 3298 3302 3302 3306 3305 3303 3305 3549 3470 3308 3307 3307 3307 3308 3546 3518 3454 3311 3311 3309 3311 3309 3313 3312 3312 3312 3313 3314 3315 3499 3317 3316 3515 3321 3321 3321 3319 3321 3322 3322 3323 3322 3323 3324 3324 3324 3324 3324 3325 3325 3325 3325 3325 3326 3328 3328 3326 3327 3329 3332 3332 3329 3331 3334 3334 3333 3335 3333 3336 3338 3336 3338 3337 3339 3339 3339 3339 3339 3341 3341 3341 3340 3340 3343 3345 3342 3345 3343 3346 3349 3347 3346 3346 3351 3351 3351 3350 3350 3538 3352 3354 3353 3355 3354 3356 3356 3356 3356 3356 3357 3358 3359 3358 3360 3364 3363 3363 3363 3364 3366 3366 3366 3365 3367 3368 3368 3493 3370 3370 3370 3371 3370 3372 3372 3372 3546 3373 3373 3490 3377 3378 3375 3378 3378 3380 3380 3380 3494 3381 3458 3382 3481 3383 3383 3383 3383 3473 3384 3384 3384 3384 3384 3388 3385 3385 3388 3387 3389 3389 3528 3542 3391 3392 3391 3392 3391 3393 3393 3394 3393 3393 3395 3398 3399 3398 3396 3401 3400 3400 3401 3401 3404 3402 3404 3405 3405 3408 3409 3406 3407 3409 3412 3413 3413 3411 3412 3414 3451 3415 3415 3415 3415 3415 3416 3416 3418 3417 3418 3419 3419 3419 3481 3420 3465 3421 3423 3423 3422 3421 3424 3424 3426 3425 3426 3427 3427 3483 3430 3429 3429 3431 3465 3433 3433 3432 3433 3432 3435 3436 3437 3437 3437 3438 3505 3440 3439 3441 3442 3441 3443 3443 3443 3545 3445 3445 3446 3445 3445 3447 3546 3448 3448 3448 3448 3448 3449 3449
