814 110
28117926 74737322
64877056 57914454
28243555 37646632
50814526 25864906
26969010 33880576
80331649 88153944
1756771 14965557
90522098 29059670
43217256 55995807
58326098 3033285
8506009 38205120
99459001 48834097
47402335 49090862
20405063 56368156
95894462 29067647
69655628 49890679
16913151 29917613
81355939 62071214
16842533 358144
12219460 21023419
93138573 96975028
73698306 64083277
20215944 43047115
20211083 82620961
12634319 53340301
8708961 29332748
66727078 4241357
57207832 57761574
12085762 39866067
90025682 70435365
87788728 1229271
71146906 19232647
7210432 96903528
23671448 95927791
22870936 20158412
36615488 68663522
49666209 66591284
6398867 29789862
71952437 91685865
74303825 25932702
30296717 11118175
32293634 60557192
39945439 34449733
21890925 91139277
65972585 37627881
56879909 17642183
90011586 47567602
81115861 7504765
2655323 40093365
21035541 4811944
94899633 48734465
16971918 66056116
26076584 77862740
77395871 2172604
58572189 18924016
89906432 77916631
58879682 65280571
18888643 93868057
87105496 66281465
82311795 26228525
91444808 83515583
55670305 4021440
78703608 61826379
32356178 26349541
63454802 38006365
93650826 69726494
31378825 53771344
67477312 97126253
32266083 75645917
62932074 10505425
70704048 70038480
17096009 82402728
9275566 7135892
36578943 1447681
89607503 69769414
22721740 42357170
53066795 11073422
64834892 90093658
57254191 58159531
90904857 36481309
4552740 32930615
66163615 44620305
35000511 16060117
6965210 85797445
62424754 13810375
32176661 12589761
45265823 74541502
29409875 87860558
6475773 73125766
59704274 94271256
86000742 35554837
54090364 94996964
88634505 33296385
46216811 38338334
53421942 59221565
73021750 90364415
35396380 12330011
52962476 33972024
48977293 37344165
31514165 51665415
91256767 52313698
17877776 32318280
90441656 52815420
7486824 20544337
21440608 73563742
53935580 81879243
44823313 83160560
21602789 98574312
50707382 32944165
95556198 3324552
47118138 86673674
94978487 92898606
80044893 53791485
72258769 19344737
45209991 39028630
69029650 13640616
83079203 39376588
3858965 14625472
17366682 73211949
10042078 87061559
47735963 77678724
73656608 81270844
83820963 38505545
11870246 5822166
95362946 41639786
58384867 148853
6691039 62996484
49003855 51102518
60960453 44908701
69936729 59850976
60389383 72593297
12322918 17027737
97201010 13504884
54146221 64750496
91655101 50489958
74281076 72361525
80509189 5724308
55250240 64976580
80871516 8235446
95065020 76349061
16389983 43479963
19308584 11521074
7893828 55515317
43172266 88972588
79845206 89526450
89279910 81882788
87562153 25465508
38529121 29682670
46691956 53987066
74960410 63166522
60998467 15999518
19078373 49126606
46577408 84636699
57569077 72592562
72484671 62454799
92727016 23652180
96078684 90989163
61761791 65771542
4609615 80450494
35126135 24705439
93268646 63442895
83812721 67787448
24083880 69639442
31879204 10872143
57676934 54781920
51369970 33443820
1093543 3212473
54017185 2478971
60109926 89974022
34916892 80657738
25863672 62585835
76122026 39185110
39625860 27072470
58305591 55571432
37090015 86487075
64679815 24691694
89270376 44790485
21728586 55073106
95958575 3033515
99112841 28637078
54897220 68411911
17287254 7147047
60308919 15180529
1799583 10477095
59938556 21249564
36283116 65337433
56116843 99932832
42566913 81371985
52513063 83419853
89698078 52643584
23510189 71994245
48379542 18421138
51856964 2897633
4031681 12987456
27887388 30751956
84900421 17950617
51503703 39063986
72432162 30474212
99838329 24919710
2569371 97086035
7078274 87842177
40232776 70705429
88242644 76700271
29970928 38327604
35804592 6890834
13602261 14687787
10567597 45567123
83524817 21386234
94230227 20574832
97794226 23530479
51831530 69510489
4281965 81318093
1210881 38200712
63670546 56596872
34526519 4236397
93041323 61105564
14722277 31255080
92795710 81609870
45488533 84789754
8709733 78940080
40312423 62655771
89760206 10164622
6806330 68615093
95247810 83707396
75562641 50183942
14259576 80501181
42176123 41387821
52365463 46733501
9307531 17341824
90130622 63206424
38028715 96346112
40876557 63866236
76619055 56380218
3884382 47659338
62830570 83950254
97784384 79990728
78241406 8650185
47789216 45706272
2971182 59133562
668816 95119964
94506513 30937824
29481920 90945539
4598721 81840697
79940210 60228018
1614686 46642592
36112937 52724995
23435355 49157841
95738960 68253837
89668880 11892598
75834242 8861575
32170542 49806497
25545614 37197845
40917451 73002702
40291974 75522714
61358198 30896390
75324680 24677149
68019963 18649687
20540865 94388966
63076700 94768410
16051050 82248370
27381505 3694290
5933494 14501128
42035461 63081359
64635192 69970948
79685578 36735013
4335814 92701982
45786030 28279677
78359954 52007039
74029600 53596537
62583044 55207829
23720568 51974666
84561212 29564965
21711082 69687221
62466448 98173705
53283465 3090272
5826880 75475887
54915679 62427472
34944193 7503964
90323248 72585197
42291330 45773056
59496046 24193011
26497645 43278436
68876270 8240276
93340393 16036289
27784277 33279690
18741419 23764872
67069127 47406464
38206439 72051506
51200959 97855976
7814387 59654886
47480359 88743569
77780967 43804100
42248454 68335898
69590612 86867721
86939808 4015455
22329500 28133797
1734739 21749150
71615213 42903779
35798154 89066853
87773204 65555039
3126696 71018212
31854343 74638461
72931613 9836871
5095056 9361386
87700798 18987980
7193554 42186613
4237513 4439913
97317112 80612286
81275949 8105646
13486192 44628376
95131884 78254570
14621948 49450810
8621207 96421416
24267305 41348125
33297132 14490271
22821118 87802038
38375797 65827473
6191003 24747147
50431227 85098411
20828890 8221519
1189803 32603725
33342118 60434108
62308853 36751636
81783263 62459790
69751643 19425842
51897632 87100257
80123411 92159745
93440636 92039593
36439658 6030887
42849418 47626118
65476168 94084159
55057746 99381352
32233424 59390735
34302643 76856176
9933 80234850
95032581 83658266
17510972 63675717
88783180 7435819
4483189 87215637
56220759 74431356
47260759 18501207
45287502 55674870
69855812 44263226
55213471 38586414
10909977 18616164
46974413 20933964
5059560 76661415
66664000 83536569
33830973 2787401
19519787 60962915
48688599 12744395
75213313 27454838
76913601 99671408
50537215 45934046
27356770 3423558
51467534 80068821
83611593 81074763
51676093 94235418
16695845 27895874
57500630 36650495
69906741 50437532
20373244 26719964
1250307 35171299
85052231 21653234
89078345 88353683
15658539 77128529
82040362 38876927
63556357 83303591
96416493 16458535
7448611 51590392
44467456 6649832
83638088 73658765
99848124 2705208
13572359 66008063
99223695 45872700
14225135 54560764
45905021 59033118
56680807 3977700
21861557 60776286
57440346 51305060
99920294 42867808
68631575 48145406
61159474 88747031
17843175 18987096
14584587 50248588
74996337 25533891
22866682 39698562
43518511 20534511
87432724 26506621
82357994 3131852
71932861 70388476
7807825 3464414
43313355 52992989
60135294 1746469
16956289 47697455
29985898 63003084
48499947 6457946
59488767 53246573
83529946 4864089
61489906 72482398
49942080 36910858
16210900 88618818
18281142 56842408
48567196 83571357
34615381 3306778
76976634 6748794
34793394 6851608
16460982 5105011
91327033 13862796
65071330 88235212
47905159 57277792
4472830 63593745
88883482 84027948
82853865 7799318
64174772 46411099
53580030 35329106
88257481 34040275
77480302 23219627
79858667 68355309
41631839 70880418
44480345 69509228
34060143 17316516
63114382 50884113
16774683 76083357
23630880 41787563
30088896 89537531
14154516 3437858
23510202 5634388
96050562 17226758
34666474 10105349
52913836 27257582
82166627 32828667
75833712 76379929
48141105 71449898
16211438 28068383
192600 5575102
99345172 10534309
90127646 88756669
42948550 68239154
55697970 90119231
65784701 20764783
54921653 71736657
55889478 28438449
21407014 35804269
56900375 24025200
40499471 59091532
9419100 39046055
9673823 82940720
3749785 88961211
18430204 85343220
21603764 15366270
62967485 47322852
91321211 79757776
88894370 9545283
99266153 7839627
25404712 43589091
10743968 66434012
46593172 13940715
54005570 25363462
58135624 39826116
50055978 36177753
36170284 22600283
2813457 87773415
51978021 36974347
64567744 85055257
77426939 19453768
77935994 38128046
31578658 88806415
13050229 20889679
79168430 49379695
63017837 19277491
36986547 83131741
20893996 9329573
69326934 86494034
15173789 66624082
51347153 34911779
37896430 41772619
51089307 46668030
80480060 10867999
86459107 45156511
17805236 44052925
59838648 51657740
53102799 55195162
13322711 31890198
98667595 20800768
66116825 64017958
68939504 5116735
72750586 3849334
64167388 64382561
65638321 73259222
26595442 49218496
20176059 29765652
11672022 15675414
4641434 82156459
45141183 16749650
1434086 52997154
4300938 5531891
48568259 62351308
82631929 22732155
11240865 81862597
34585340 56714988
39576752 46021736
44389337 8054182
60911139 14580878
27029678 90529657
1168471 6708887
89777695 75353979
43522393 63575165
32068892 68601392
11055072 61405771
6079355 74477181
46094111 78181467
37630333 58984285
8138269 21718927
42374987 1404004
46545209 98158746
71182580 60454339
93386641 73999887
84934530 66266255
22645240 35106073
51466 13923712
59557366 59985743
2912926 61432699
20299474 56076604
9087342 10807428
51026038 8366402
22034417 12853368
28511821 97677455
59033146 58279
70090017 76027345
90377440 57605605
46048534 57902011
79736566 81055886
79986853 60392194
86265544 37917193
86330379 89966099
31417211 17413078
63545866 15541801
94047720 48617146
21118063 31693592
73514319 47143830
56365011 53902283
5281640 30945148
88870276 41078434
99528208 21872544
6125287 6680780
3802060 38163783
85040317 50502400
50743880 73162350
61172915 51964676
22325270 38190649
43036596 83090099
34165376 18029834
39448506 61017263
22777781 535783
55545596 4932971
78090906 10261710
12980976 26786310
66908707 51029138
22264402 53824434
65266379 27385510
46244547 36089412
66020426 35201863
58155753 93873742
37543243 92739712
37086057 60860551
14528448 92935051
37143840 22288000
35220796 16019317
59505914 31629309
15318595 38860981
92538289 49987962
11571068 57578093
45877156 9538813
1962750 84904650
20554111 93083594
66650214 90432841
49651227 66882013
27829035 26162264
92192212 14668029
40977706 5277431
73074086 12654956
18456356 12718681
36257136 53558802
42232634 85041296
52294524 10595005
94579107 47242751
813582 38101486
57546137 94999826
62539397 44256096
12505018 6854468
97606322 90353394
51103661 28341968
30881576 44598004
46138321 26181942
85440794 3369326
21163175 43495350
82865010 19011304
39564670 72837949
95183096 60117426
73091122 28092329
22821299 96303167
15612629 60488548
87054918 42888344
15638037 62581436
41315269 30436442
28938519 8225125
26688368 24732899
75591842 73379279
26857648 88287159
64440065 31111395
48758323 17046848
87061790 72227244
80927733 23870368
43840248 77795677
40703385 70185740
21141266 48510337
94948218 57846207
48758182 71948807
33007626 16457034
62642334 31771698
92960661 49964060
69981782 23692050
32500807 61498131
8900149 47350606
24023071 225470
57840773 74943789
51775941 70137886
15374969 94145920
92810080 93260794
2287051 68065772
20780220 53776333
68928718 44596483
68244638 29560578
17697112 51482420
46256408 15836764
68219711 52623162
20434469 39477928
79617860 91446265
8370006 50943238
25091496 4212978
31000324 79576373
40374110 25789007
62269988 69959994
80833608 49709506
30882938 9771234
93757752 55383989
92822886 60923212
28729894 37678967
98973041 87428701
57403123 97781799
29264893 96366145
81145620 11458403
59845540 30566186
79483852 41476269
35705322 44879427
31935793 38970600
2297393 727044
45981724 98168092
24098895 98734004
89614449 92525759
73723815 4549858
52874097 61697540
87485371 99871076
94132373 12374398
91939333 83261987
96998880 75699192
1549096 83975216
88199859 16447224
39152182 38129422
69405207 88214514
29055094 36076106
17397032 37393
43150094 72195573
39414278 50553534
23144700 88263274
62973418 74350213
48892914 11162624
29268983 61798969
89411897 28265853
68260307 93290706
9300422 22806272
43293004 30341214
84277985 9358896
68625031 707181
32380292 21522281
57554198 30728728
39679307 99041432
40556132 47742290
14734145 21892022
32885537 40816494
1897837 50591696
83492229 21774
98299150 43188714
16191975 49221982
61713620 38983716
29295076 70683185
62200022 72218858
28759413 5438673
84300690 93462880
97895336 59853807
26012343 63636901
6242539 37797804
68727550 21236461
68301150 84372186
36859835 17707642
37226210 74043780
42939105 95193429
93379160 1656265
27090034 48438752
65528984 335412
68601419 45226262
71275582 99504274
38619660 21060167
21259175 3249242
19481146 69793056
17631679 31310377
59374504 24927175
16063082 67411841
7590712 141352
41623164 8576672
56186054 44044421
44679611 27862017
62923012 98148024
41991378 15271984
5790177 53105221
17874824 42346012
83625181 76543897
77039566 21685770
80242417 55715921
90203982 42963681
22186012 52749132
21535003 58973627
65067034 92770226
78511202 69597763
66073207 37077440
56660649 33600735
52304886 99260609
70838762 11034068
98895581 11945864
41853691 41822247
65963267 8248128
21427086 11775587
61457655 97809295
87013970 23407198
9571979 94560427
71136093 48805648
50861889 11418080
70951514 28989259
42211564 73353413
68547325 14540499
36400765 31054345
49086962 73179674
47051230 89103283
75629394 85186264
83553973 34591031
64406001 73438917
93492282 5813546
54505732 34890737
61126024 66581325
22206854 43598438
70629331 34522139
72756655 29500792
49019782 48950400
71958992 204578
15083691 88078563
19343696 9530601
71672911 8378086
76527866 48690724
88218961 40877595
57159608 7344566
58312214 93086522
3186354 51732931
51281618 80902755
36160077 72730943
62006999 34206937
17240968 33689000
38830153 52510127
72972475 90447272
33779601 83216180
42246139 91108928
12411017 1333869
52499942 21572690
66472225 38420087
5208794 9265277
21485979 14356979
64620703 68630239
95414082 42467200
35481741 18470207
64236529 10810847
54564619 93401708
43763327 29944652
52365896 62098065
24859740 59649929
55954723 14816274
66874105 4470488
57394416 43987729
83696027 1739598
63868563 47933671
22011230 21362919
45561293 39166288
92896832 84764450
90919324 23271301
70116062 49381357
54815246 51791800
75623873 19871153
40630795 97585005
82564172 9628901
98459010 40659939
49150388 93769650
13303778 51567105
37340255 71723929
89603666 46447045
99343286 80146640
