964 538
51543289 74238169
65158428 57945304
60509993 30973146
69170346 77935959
39886836 87549848
93002799 4146687
100519 92598502
7857811 3875999
73884108 72760268
6378063 38110625
15162961 47259454
34623706 25058013
85150552 28670033
10701625 38101059
53128787 91782365
94557457 97371832
6687956 81893799
81441955 1969392
44763089 93190095
29663336 37823995
27582507 51684824
80321705 41686366
43369349 46855099
61566284 82827970
77692287 80666246
99416696 45783649
45573946 49014423
16666617 58777605
2067929 24185513
14527544 88476357
5168969 48954833
46072152 3020527
86993531 35199689
4253488 15130768
94153079 313347
22450161 1182453
30193451 84578356
24239785 61571200
20594659 18377454
19070660 32759491
76571120 19796852
3391077 10874017
59761195 89661388
54403954 51378051
341348 50693578
92061777 71501711
74450728 49293036
3277749 82281376
80504822 36645491
11363520 32665697
32452296 14326258
21184631 65875753
33593061 90725401
88730397 99782485
38587696 80520722
40249448 38644670
80236762 28160322
40113217 63164883
41498981 51246049
89973059 6010387
94132402 26821244
22845585 90951254
21500467 62290905
2290196 23052241
67960259 90311110
65568837 63017148
71969092 81296951
49811730 58934864
4281884 60418832
44530426 4458481
80073252 16921412
90119584 83908377
89060852 60794002
58879549 70212432
44287152 21537705
29190004 73099645
73236581 23031106
59022022 38019058
22577840 18589768
33098992 77785784
24402909 91405828
30652074 20340804
16162360 80216225
64278277 98427743
71998111 56332095
2274973 83411889
89784839 30880083
30034009 86729717
53629884 73009504
81159283 89089694
99660683 92443334
53136182 46985544
65587071 61498162
90667402 79282083
43819880 51872359
41439227 92062482
1226141 59410896
52039837 60337188
93377832 251831
2983788 72507635
81576551 97589325
26377116 82189068
83841668 78789347
5969139 78863112
9768087 81241446
41800136 93018762
51966125 80538615
38251575 47991481
44955557 26727822
64910807 20934842
20398900 97183394
60097721 29927247
14581821 10156337
45721331 20592093
24716004 91603146
9681623 23028686
41126141 3002680
15742773 57846681
51261360 85320800
61709330 89223290
61141757 72753495
19848974 8280288
99454334 39569298
96621449 84400527
38430165 47330681
11880617 5649224
8673142 55437611
54573560 63718037
96494138 30894917
92244846 43665237
89252552 94430451
99935460 96251541
95124121 23893624
32170920 85412401
3107275 86580478
64835512 39498192
37144218 39440870
31968252 40393287
84005880 36875292
28043557 65174505
69943769 66193201
19683890 11388255
1094182 65028464
17336833 21428457
83512625 23849216
92579889 95559519
11971020 7644599
93005234 87237403
97083516 93780218
83261017 23070161
76671982 83889396
27095684 24760051
45362940 53910194
98945269 52476727
67601478 74460252
1066138 33708016
36567094 29475967
21827460 25524589
75076597 65142751
29045541 34395658
72051536 60271531
51131511 82281078
75598687 52645601
20657783 73266947
50363330 18590229
18351779 95822852
55171580 67746616
68974948 12414282
67677632 20893167
88081319 67403869
850459 7456877
60872467 66207995
44107139 43243580
51257738 43450514
52438127 11709555
13035419 56301133
54891638 77313748
34995387 19892173
90387882 74324526
76264344 19120325
31994405 95963691
28429580 84431875
21453905 22449565
82087879 18352909
11858971 24768274
30950552 61112825
33936752 25320403
70684843 27892678
27469443 5983261
23238996 73267874
26768044 52595082
97144671 15462808
56891799 94848435
73038293 40644841
3500081 92744359
64812842 37340365
46546436 70657739
75297078 53520350
81399125 92187864
74407014 53876091
99423872 24813729
35619460 55922451
38980168 68065121
91457048 64641184
7049580 41822497
89646772 94889564
74261432 38305217
34028516 76639525
84904611 58154350
85580896 20945479
6230488 15569417
11590046 54449128
99477529 14228729
94714711 82101398
65979824 46510088
68103656 75688736
20548838 36144057
87871347 91421648
32872289 97018907
15279634 5668038
9501457 99125265
96557313 7014981
89911816 35240950
47942731 17891213
49511367 5983392
14078597 71742206
75278853 61039126
58634382 96310463
98928961 92809467
66969143 8537214
74649668 12955838
58543897 57235830
45195255 94809703
5788032 25390486
72472427 41804684
46161099 87608507
57317676 11663877
38572684 96455724
70572045 98032464
95464952 37166938
70580971 83602611
30536830 56893449
18587571 32688589
34508262 9691916
55265850 93780733
74484386 50188314
12107347 50977325
16823282 64477858
34473070 12584233
82767915 99602960
37526576 87001357
63284274 6862753
79191239 86052109
14997667 24399305
91629359 29283565
44027990 44921048
67029230 40436878
30905407 78353641
88687197 11810
89108710 28303701
60490114 46989529
99564616 28910714
71269589 15074710
55244590 69598382
62305569 85275501
60539985 94291702
45413705 79017735
85349411 52751383
71578136 99006511
15478192 27270455
4910020 84466456
27341209 40519846
12767539 32827259
54146160 18072747
23436614 64096414
29316253 18452642
39826431 18754172
64271006 50897573
34318755 72961726
93506238 59691288
80255926 29098231
48810579 74965287
6776097 67128701
35840154 70341915
49329210 82448033
11911401 36484476
36298615 64456541
88422790 57517606
82581007 43453766
47246514 14950629
4578254 73227233
94767567 19654086
95664251 85461539
19142044 74757938
34656985 44376593
64284568 83553674
10877083 84085133
75076599 35330491
56405763 23760714
53614379 54647751
53680600 36130016
81174305 33905286
40639335 76449808
55167150 64801141
57803409 79139977
18402646 76747914
10490070 69705297
83544895 45889610
43121681 2686720
91927724 71509941
47027208 5696087
76605106 65145365
97792707 33690262
89050898 94114229
95494909 3577397
90444360 50771924
31238911 2001750
39263558 37024755
42769236 5306117
87489295 28551402
15490042 24840001
2317488 87075414
81297771 9617493
10629143 72739401
25590245 59562248
99366808 22850316
19910268 23235692
20515717 70629845
76339689 49397477
6117936 30011246
81760103 80243296
11388831 62563201
62678220 55035179
17564701 44182942
87181886 96937545
23589668 45283229
53766129 62235045
67160596 46638696
54590520 13895676
56454306 28743189
95116902 58013244
52900847 1309483
50262510 31270401
71601920 59304624
20177936 1424134
32430663 81860808
37581446 33056328
29147424 79997679
49136055 25068962
53584085 88729619
3244780 28755111
46716915 77008186
47244366 41989304
82880032 91152469
64152762 54835652
39228761 48975536
85949077 83847627
17565760 29023798
22365027 41124525
25346754 85211995
33132227 5576957
45992792 40461265
46003843 97953599
38258458 59521091
15349009 51712003
73807005 49133868
62808718 57694118
15962252 97091639
56915780 91289097
18898257 17807697
94110670 84507318
7166315 97887507
28464603 87083866
3807492 22590854
86098864 85621264
96680497 76484306
58711432 24409480
38930022 73579540
5989636 78543177
77068916 47269240
91447559 79578383
77544701 71768914
60840715 6431635
739676 38004707
16400614 97902820
71248431 49802025
28053079 84974222
3268168 95879998
71974020 96432089
22341289 28132927
46508262 57888642
94360221 65531765
96041347 64418783
85293222 50866631
3049628 88335200
45726677 11719088
24856207 89989646
15012090 67031645
66402526 20592371
49990485 14418354
74827270 84871874
52048436 68153407
87859309 96666791
75718336 27218293
89418705 83795543
72424764 44540389
45404321 74192018
96219257 20820383
68704520 28732520
33152624 78339543
92810749 1485208
60934202 35231478
29476127 43970628
33724074 33633366
43108069 53881311
55739148 56452938
38159375 37265015
49107966 8942923
64511615 31014830
15226081 92856560
43546489 92246804
25523770 45067194
74535382 79024208
98753095 43433883
80077318 29817938
30002697 7253605
8646570 26905880
216968 2534221
24642854 35780605
11829846 67380617
72401191 10206002
50716054 43148595
68054764 12505353
17028760 38690572
41481013 60905943
95882254 42801822
96528819 25243276
79041989 97504034
85322168 5615915
69811770 84682407
35122256 73157441
76715364 99726322
19613618 86153510
99248456 9646120
21520602 34990394
19989180 66238508
7776462 42994900
98265366 89238656
90314877 74395900
72819470 60344673
20817120 7280277
24396805 26762073
73930153 79358166
12970912 71667471
42186205 28076893
34893246 69087909
13836391 65386918
51259789 60712091
6078824 97720058
492754 526344
57893628 87563033
95332851 82888498
69964866 80801366
2500774 99370891
51727902 88336215
90134132 18075785
28314389 43157827
50674143 17935952
9462683 1694092
37634938 93164205
49769176 32838500
51042557 82248494
53418132 99345634
87967834 1162907
34858087 9563315
3292482 18651257
65170655 50035313
82949504 79040679
95997903 30836482
24828563 30327963
3451316 87312083
4823727 63145337
41598728 8798286
25252891 81917407
25057346 41551353
55210658 37050566
87022721 62474937
91420178 68969435
42939692 31896172
45855572 46975795
84691443 79961375
5891632 27642539
63629270 9595502
39785717 80098550
16415126 55410777
70724612 50591782
87629088 76983391
66932115 97892856
60814896 66118882
12452549 78454713
30211296 48342820
12289443 75964445
38764845 25414415
42865874 76953224
53359856 387583
1885944 12200654
15734509 42489648
50568811 3350571
44630440 11081717
56864237 28218058
60917934 65351985
47225468 12925983
32960450 62838122
37230553 55125199
54435285 16862681
75910611 93234984
77487071 87154777
231418 23886698
86087116 94000454
33884853 25173426
33846630 31919964
38396610 81619749
43333475 12975856
8821308 92407027
48020161 72139580
48642332 70907991
22602890 23155020
79372337 95542228
22163371 69981304
53232994 78746073
79790190 77001470
89432405 82796987
19734475 92533716
15561688 6138334
87901407 48548625
63165554 51132424
21140747 4272672
45639934 88164450
7642320 29093579
90970 20975015
77544106 73533740
94187883 44229641
39616334 61817405
39108767 97352372
47387217 31802729
31224395 66939031
75924366 71860597
87558106 53914492
98251353 56943592
30639255 42095932
30249196 54761648
25417308 28872688
32638410 64610305
79240326 61432197
92819135 99796535
99334028 98074715
29979539 90631211
67571175 94909487
59459647 50345181
70211961 96550749
45824242 37026372
43526062 81764967
44398309 17441221
94287713 47542376
10258423 10249364
36301279 68294376
13069236 8120756
48380336 14813886
78996948 46204498
7589206 68893158
80117236 82022199
7249514 95451185
39613337 70772472
17506680 91273711
31529271 92692291
58069495 7567127
45685128 4522571
56712720 13310528
88775782 42952726
47223521 94196113
58637829 28017800
80824992 52727027
74850166 35937126
90562809 9859955
59644832 60458415
34689006 72603332
9145705 26666043
95415085 44408045
23550735 41056063
45147558 30052990
16205018 20552950
81436136 88648542
18253830 51689179
30827117 80983561
69550237 220419
91142330 45945008
97560545 72773703
69690440 38155656
45467702 86303534
91395307 92739169
89000678 73265484
62870588 54633055
13291203 13531339
55126213 62055769
52596742 61485536
23361315 66082103
54289518 94075878
84603948 58601971
5042875 75751951
61614484 94278245
96853713 46719248
40231325 79502768
75848961 84529037
2538241 62656959
48328681 69185188
33227172 19868666
90249436 83758110
6469734 42516938
45389175 99774118
55513005 33765021
2974162 20418150
33825172 84357467
25167932 48876555
54400087 7131218
67929843 64936217
15579027 82021001
80880147 63052148
90954423 40730398
51455285 45952826
76337506 20274139
47929501 42831589
41309140 29535429
72964177 81486054
23159836 51659352
87627771 92663633
61135986 71571044
94744973 60983587
57532525 77132420
19712013 85252168
25654808 91760186
53353887 96595276
37468803 40694156
51384015 6365775
11743721 61471335
43913830 17984374
80070277 49050794
10965255 99702402
48103695 7396316
16232682 8441788
89674306 44780850
31995386 29783344
57296602 48079691
59626225 58548035
10014656 18359800
144170 63870960
39889402 8166035
30768103 24532749
51018743 94773084
58795451 26153404
87104845 11934799
49823269 72137107
26633483 86961276
32434872 75815493
5687365 87323496
55749055 90112680
67277122 42303158
27471962 9487495
2774157 32054776
64044250 79238137
45984678 54537253
26438477 66442628
251028 74812683
56345120 65368112
41243054 19551160
68992338 27322057
81329555 64540959
42099409 54184401
68403892 50575104
93469283 82529733
15309125 83234098
75790503 56324288
7928037 92827111
67785789 92312815
58701213 38019616
64170156 99566632
3612522 70301427
81520202 91647640
61671105 22273020
90699541 16556048
7426935 69358784
84550530 74269496
28167253 83977671
68643781 30028990
38774549 11711922
62390210 31819049
26582622 31836423
2583924 63791958
31424423 15769878
11060522 31586838
53692170 18751874
5879211 43315653
65305180 72976856
89241627 33208313
82373460 38641152
87727751 84085447
40611240 18784647
61012582 61418939
79651357 72163526
84539418 26870156
31587369 83548193
42154313 57310592
22523004 89161750
77047779 38799166
41942476 67968303
71281971 12565394
52674486 19526473
32805299 7500225
45610603 3556036
75469021 41692135
68037641 74355241
33008009 44321629
43871966 32475322
96889370 67380893
14583411 49806381
78019341 24993939
25642771 59627348
53093500 63213610
36087295 37928167
43273173 24692968
52868520 6403063
10644771 14421024
74715361 88740971
93931189 67353776
40026968 29058952
21850487 43511041
18314813 85449215
13704066 27528399
51115479 70081130
44842662 52821779
84299422 65421901
11204826 17566445
96672233 47489271
71456409 92699199
3681893 98145587
9430920 57562874
31656633 98593156
7327608 84555201
3916628 62646030
51475003 72203879
94301517 42997476
59785932 22309262
22391422 4178429
51460503 81752646
23490940 5883154
49423084 80698180
47198629 36820957
39014787 87810492
73619573 51879268
61083817 12982690
42464145 33020270
60189145 81669043
16485348 67433899
39781537 8107395
72774503 98674703
7949532 81923453
55835105 54872932
89265987 75217911
78688853 73975908
12557185 57455738
54895390 67559782
7599350 72616217
78557314 37376010
45012432 82151045
45141220 65277799
51612116 42495300
31963624 37543824
52775528 29914333
32730681 76645395
95388118 8522614
4416639 9341319
63816146 72077537
82056460 37777140
89881547 75485433
23771058 39822106
41018481 62030974
82590435 90599990
90182581 91064240
58543444 85941260
80196794 63970670
26680298 97862666
39886192 60645202
74689545 9563103
71645872 17369007
13637243 12582727
88160833 91661195
53951351 39782390
83080692 3630771
7090943 7998157
52223009 7956165
41274328 70427332
57330580 63976816
2457791 43125077
48812913 58011311
43511277 4510247
13306959 1461741
3614675 50596742
89504756 42863791
18612914 37670631
95856470 13308663
34169989 47801395
88728008 6663908
19752946 86449602
80172864 4139364
6900907 51362501
87938698 50379969
81460602 18585977
92257801 81284886
9035952 34384793
76798973 55955491
24772443 83337851
99910039 88615340
57128958 44456286
63664865 2118802
45925702 8062937
66104990 44051516
27156611 20797945
9480663 20422960
62006217 7767005
38147360 47011312
33950309 63126508
6718400 92598683
72269268 92808968
54876655 26074443
64646656 63586380
1823954 71190523
9194237 32395585
88827394 90653560
22894714 74384152
76999195 98750482
58787294 9727563
83420213 16925641
40491342 33587538
18869996 11368477
34843524 49154880
99208710 97801518
61822543 56509012
5684793 47668367
68698744 45947881
69906552 85619092
65419791 39279506
86627303 60484220
65245415 32247686
79873105 25731027
19857522 24370325
35618609 71948390
14486555 35340
11047358 93183285
59873451 72915491
36171992 49231000
16457271 51656295
62837944 6488607
84923677 71068381
54537773 83994883
75436120 71461366
22122823 12249299
99692011 74846628
39113092 39808872
92533479 42339212
23471572 13919741
48960925 35431556
69864697 44703368
94722832 68805759
10452251 47039696
68223136 26892119
86484178 96747045
70353366 64151568
21140940 76498163
50316031 26322749
89477017 4360308
50684955 36844494
81207306 529917
91740657 36376710
76141115 68870122
16118592 12791892
26835464 51777180
37188294 23972074
48470114 46487765
36441883 28493716
82573720 19167080
85320453 17809744
43978950 84237934
25405379 36124179
43452813 42140380
54128532 67900682
63149924 10939807
40041668 59994309
42803628 82285864
72367627 81059524
72894648 71114324
4359433 14348187
34078981 65286677
52265338 98488654
97096495 35446017
85525385 47343061
53445426 49013955
87346605 50880313
70182195 58633730
86640027 56823336
65774776 85617915
24211145 8788214
17490476 82671190
77893367 23539781
89144211 54426382
76167240 96520408
73576343 89303598
42785817 21038397
51637099 12041064
15041104 56357421
36485063 69648474
30783343 18355092
58956892 61484348
33257750 82244419
82849657 31928457
71043921 97595481
48277830 26648869
4277738 61657097
11264167 26380457
69961039 72750604
74182346 36950734
55289325 41325145
87951232 57081159
101814 67157960
96477072 78305492
69979181 44445125
13523951 88622025
13458956 85662530
80127355 27664536
97921418 4554027
21786944 60638689
47967228 42314678
76373914 34620341
20219101 72317663
20529504 84107486
20940512 11804985
14166791 7489471
82478366 15450002
45728466 93116360
24872086 35408074
56046970 65795423
31827392 73143330
72305719 23762102
80183857 5740359
19667950 20899035
24863215 7631440
43126596 85053817
16298331 2866882
66629003 59921119
49544895 5064098
48033494 79599985
16144636 92982337
7976190 12287596
4400017 42349792
60026451 96417013
21087994 80037164
