985 78
52423628 92092072
21952856 24323091
87195845 4068188
83620986 60443424
85938010 95325340
36370686 44752864
45037146 19405241
76555130 38598112
57614475 45194209
5285570 98897363
25185080 11434968
62650654 35151569
930062 44055552
84789391 15639667
12441991 99290006
95874072 96267402
29904930 51005610
74937035 33921892
86784148 11888848
16814928 83952719
7322646 30103101
65574926 38057691
6550452 54597848
63430466 19850794
87404576 41131578
17004401 82124034
64276277 8033433
67963443 90753582
40536422 90792901
97871501 7374482
76573120 98654146
88621925 41387324
12595781 79460973
50365298 47052364
91474020 52815510
26723532 42334653
26101176 64394226
67154561 68464065
20110857 5290494
92168837 59890940
96204855 56395144
10700349 48323330
49259437 10641458
91886744 58297999
4233200 9968242
94174685 37118484
13629328 15103145
58625675 10091611
22994733 61854790
56083461 18362978
69054672 69126743
82897014 11979571
87633900 46299238
3378797 13006759
3961983 18150287
97544625 28642536
32254413 9953906
91220701 95311300
67647439 2099767
66467258 34206724
88408845 20500193
78184313 1469966
31551709 10589167
48800725 93430595
69830230 45311040
5254407 42660448
26160604 69833456
26790054 65095293
92245935 75705498
15196999 7704037
46070199 92553064
96805530 59610873
87239137 53542482
56812537 92872548
38992132 37296957
2694752 77568159
85953529 19048421
76809091 79043077
79229496 84549519
58621667 73434641
2820855 54521365
58918025 3868209
20742455 51972074
80922800 8645920
91680753 37101554
48344099 3668339
23511734 2234282
63322941 11487219
39714063 8463119
87521270 410536
79482809 52481098
17850482 70477688
53805479 32329168
42175695 11863871
56619290 31464226
70026103 196532
21035139 80414547
21040734 17513045
42790706 37990179
36297089 61072069
15121996 6994276
26139522 16273338
82245750 79172274
35002932 19650311
31199084 65533664
73615151 26215064
87796912 25300298
89221399 44717597
6655497 99393165
48819971 13489867
95316706 57449312
16254352 64764177
63631222 56601695
23022178 29417678
98307695 48842179
34422185 34015420
38427939 34611304
6903151 85976866
64299539 46863064
17735731 43387559
53142602 75447305
48223284 24320760
41889788 39954347
36726861 79251840
20578190 81674788
48680556 33982934
37384077 88192015
56587791 46483023
52717317 75766135
53777363 32000753
45266648 63935070
99442924 88665525
31919513 79816733
77013721 55060799
56763810 7705610
60336246 29135312
58993014 53584782
82574605 49073027
13899663 8740095
58270718 88964086
52337532 54167354
97193489 4419163
62897782 44516724
81960465 26082252
23397601 16781945
41345546 71792104
63839682 13536051
39340614 17815585
44414275 16211926
45145137 11200580
44849122 99694545
18697114 92839380
84876288 41705416
26819852 2735299
18741445 4758730
81799611 94603844
92950931 79662020
15677200 30092450
71468244 76065870
68858812 73524180
70410186 17217618
12359912 39662634
94531316 42578299
57411302 40522030
59769393 68287953
23799855 87565656
60918769 71270168
76900374 93307311
7089336 89076495
89121969 64032507
71574521 75644273
94418865 41170607
76923446 7513289
70556017 41057487
43204027 18582563
90636432 98383246
35661805 74750272
71208326 12996495
96574061 28644661
82681914 98922086
69025634 94212848
42636847 64576134
1124747 13028556
67099237 98218921
61331903 8501695
92868149 15361135
18545427 73873783
15370178 23934650
60120697 52144610
85918703 62639675
36187068 14261163
7315199 96968980
28462549 97001131
96562270 53665973
3886053 90741919
416156 83358490
36021675 50549272
66927333 95152469
95273875 79516270
5101569 95897270
38916325 78259605
11217492 56800677
85384493 63561469
63108135 45734810
29242335 1473286
4952514 34337499
79251170 68450134
26001355 38510358
94358822 81247645
22532325 74516173
86557426 29972632
90226630 42399098
65039160 59610386
68052544 79046732
79748791 23765954
72324917 14199886
96492651 22386682
46354183 43910824
86428238 39843752
56206072 97296122
75379101 61894332
10745352 58643112
30021679 86140037
31444279 14986855
5240707 84004296
5565415 51843088
18149883 53470558
58382929 5077390
17510680 29307439
6205624 11737297
2653480 3529056
87745151 29162095
28313542 75690740
97637095 21478691
97175837 5295280
64236421 87398711
27349127 25359557
36769733 43342988
91245100 32910296
12295845 99364556
95795691 94865348
41736136 18054950
59181697 42886643
94249855 51821035
72631822 19573592
71397869 41101867
35412652 60706049
63846082 25367306
89479485 97824749
1735276 32174926
14413156 95884973
83587680 1791387
40523785 59853367
21774804 80770035
29137901 30546957
59468962 68706778
54810262 25549772
43656034 60723594
33263501 93660948
9661644 17572705
21106502 52863722
79651009 75501357
30665901 99213708
8831204 96281808
45210339 66611602
52756694 77397927
7816313 13723133
66404715 55355077
2898681 53754702
51546346 10719059
8252988 85145150
42751930 40090037
80604947 82679064
42931448 62185486
39342615 78580611
68017628 47529083
64328724 83390518
55207838 97849535
29149776 31795906
47362293 39578537
80182800 2210536
48500419 30174802
6639922 94283255
50006111 68349052
40718837 78101583
6938004 74288966
77367894 50197261
79574529 51101523
2548650 72862068
2050259 43125797
17235326 55734816
37882221 50761390
9060356 3765151
29884318 88889758
15398498 89672358
22909181 39960329
12588700 23096594
49717487 98866149
95993547 97070791
36800839 30019621
47613550 68100224
98298152 17577564
60525642 2365909
1992310 18452247
41912361 20978474
44319101 62887433
41241538 3403193
59247042 65928184
75623408 63665508
62630867 11951405
56574010 6911884
52701511 58698631
57451077 40897011
46266537 13146352
77214148 41508863
62763120 52055399
33898100 66165515
63947708 61016521
67696483 77997345
7231964 34650392
68723919 7064105
14695836 87859422
5296148 39394043
7571152 6027091
99880686 90405672
36172587 88451393
31360981 39645705
64492263 26162793
71414969 75716374
30468161 83674285
40028740 52069841
16005835 40963155
67443297 81476760
47262386 95824102
73972857 31775352
16669704 42652513
53946426 58155421
65715892 11567488
36556207 65585026
94072483 63592387
41794166 97183413
75240169 85990277
12658704 62295656
51329074 85200975
70134192 5015567
95519569 80842297
50294557 78468090
81643847 94817381
32957224 62659376
57774840 76161573
16700553 96659300
62183891 83551914
717264 67996728
72205007 46936544
33659126 25299317
52637708 21738753
99101451 51154189
28236391 18764531
39741906 87599874
51458660 22430264
57037972 59320606
43437816 56939708
85948700 32234798
7551670 52659258
41208478 79315152
11463264 29725792
54998473 13310500
40406497 62459853
81179439 9659214
63296436 74310748
96948615 57790722
51398359 3062284
8530546 94931818
84845067 79529545
75398319 58339383
92197708 79077633
26670174 86088296
43783528 14795010
91329646 3112894
19319519 78025445
16904934 88370189
2768673 69603629
89878266 52497428
16442485 45669607
35400773 30909236
23121157 17212884
80219453 41461039
95932585 29823653
1851578 96381757
27170429 85137534
60339904 86184601
52396440 51787912
51878307 87970895
47763009 2101593
11637695 46374854
12518549 21137057
58002907 34415309
99825822 84237110
15031314 40342000
57177213 87431297
769851 38531034
60778893 18699833
92786606 51153417
44595794 95424786
38593640 61424287
21123048 38740932
19916870 66940163
65112254 36830090
38796538 40398113
9292310 47813765
23666551 33446965
50992845 59254899
36131049 13416911
44279367 15587605
65015681 48468881
79767710 69918147
67505365 59474436
99520496 43901557
24834191 63360435
59184535 5116770
79452145 89308201
15975366 48361158
64528135 88481230
13797645 9092869
6642710 87031510
76886319 33579241
25764619 32285946
3418052 43480424
30419760 64439928
10691773 64315547
3151483 33674306
80269955 4152316
37000104 44233672
65886733 28376724
9549293 28373535
35818646 57177441
17519574 84714775
50339336 22002582
86231148 95279653
38933150 35090547
76446707 8117282
60411527 26202888
63042979 31137672
27403748 55675872
32786155 769383
44663776 8062605
95040531 32013068
3912586 16235257
18512904 20326438
9694338 64505077
92250822 81015081
35009294 38877266
94049690 63627814
50980091 97464306
8690015 44368280
19329875 50649163
98012793 88139220
1054653 40901624
648588 87526735
54945067 98237258
36738545 79559742
72483940 58922491
16589594 54710885
64039635 46537178
77594341 52201824
60448162 73091992
6882202 92825900
66147026 12794524
13783681 56964431
1433803 52402481
64807376 84477407
9443709 99085453
34862220 27417157
68872160 94573886
6784853 10441559
90262865 77458654
51099033 80000144
97420831 63625559
56646190 41570957
12812544 88394040
55776336 22154225
28766247 33631484
35199517 67407541
66562910 1024109
86215550 67217043
69631616 59757744
76619911 13253043
49346440 67991544
35893672 2067608
90080583 33989227
4407116 79037734
27600931 23949039
58063389 1307129
42245410 25821234
87774582 82921624
94982644 93780759
41954709 26707476
88469213 6491532
24598707 83279298
33873233 54532570
64833676 62039819
29406559 88967643
20369644 71639663
96599416 6242342
614524 55949056
87167665 94247587
53400730 30607827
97827300 86866902
25412959 42299720
7735855 5580132
60860238 27130751
52501129 15800640
15355713 7635310
93496758 48395976
61665608 46542502
51380997 40368132
88169774 86758710
16076372 67425858
63843589 34161019
74895542 40100957
87166628 70538164
76907556 48353870
75045423 27557849
27912829 1994234
15632994 74433130
85417060 22576593
6442771 81671610
51878759 70858593
90844401 32793909
777909 14478081
34199128 25909688
74992873 46722464
2526049 33124759
56340757 23373454
30892540 82012878
25408298 60667455
24785344 28179170
97989858 75621352
67943343 92957235
26545146 278169
87332933 98693643
58088801 29944534
72839084 79756034
17301988 51488837
5900488 97828856
98540298 54646489
60295154 37483047
89266259 68701015
65265814 88358393
75220705 37169957
10539106 44625189
23085759 2157264
92105175 4116912
74797871 59847358
48890190 32384170
59527771 32914022
98754272 65238551
26932982 50202018
25343577 25901828
27781211 59370312
90105501 26536962
22969583 30491010
26937804 66884952
49585404 29009648
99143372 90692634
42393519 18018010
94508917 60788007
25051960 7756924
39320136 31477085
94930707 72496369
12533848 68002660
54708010 43844597
37250520 37725008
59412829 14185124
59016485 76926667
30988502 58106394
55423195 90693406
64232042 34020862
90514892 82186152
93769676 60631424
93966066 31641958
28593331 82517802
90912827 87890961
28049512 39590702
47493809 52978215
14175674 13383535
69358309 39382116
48520782 76941689
79982563 99051797
8937363 55864647
60508557 29120416
19347296 80679837
92071147 66129584
35896931 81518624
8922611 65184269
51055454 5640193
19561404 32032073
1383544 70872835
84693807 76324734
59835899 76539143
26815792 21738867
71613756 13888464
48736792 58294172
52248674 78985770
52523883 76430360
27572067 2901978
43190903 91102013
42306759 44345983
75448811 7108724
50460537 89563451
1971628 66729337
52333627 48556022
26930483 84019859
64004108 63437474
66231391 49623067
24613668 52940835
22384716 43201938
9784169 67128112
62340121 93704467
26326239 60286485
47575050 28884606
76093633 76742300
96673778 85589561
66360497 10884370
58080714 68186850
49012493 81185473
29229824 97817925
65384517 3165737
15597126 93458123
35855776 88628254
48807218 85063912
79438061 37889504
61979253 35185294
54194935 29846234
85845728 96932857
88465575 73223849
69155823 65314059
98142484 27609357
26434018 37655328
15749148 844474
9604863 47407077
10776113 18382762
36856655 39206587
65117648 33909209
77124040 92351888
80245930 80925773
24082120 79999301
19021557 65920927
5500386 76712857
14820113 91580796
96084313 9502349
80737080 31582777
79248486 88949248
84821437 59320615
19620455 78108213
65336419 97252271
55124163 74128028
69373817 69159326
60740143 34844874
92505465 76511761
40501154 8998399
93760373 82197359
30551995 85625013
65567553 11426747
75645259 85342644
97708422 46036279
65303232 60617497
38382819 55308541
7033212 24969833
57359835 71633655
75613699 80598164
72797413 95235707
77318818 36995633
62579159 23158465
28782389 22085296
51477052 53325986
72482857 67150368
29058071 26927562
770199 290287
52796104 90937727
83821947 85962
44826975 47835921
16468596 45960114
35715157 95526916
65173710 69139276
63376495 9571975
86049081 59022671
10820060 90209714
70243050 90897024
82159621 54065564
94242973 10844470
56422120 90812629
86226459 85405441
85893015 37233767
51720542 15114905
15840531 19607217
92134817 56003622
73392493 47265222
50711947 11500403
21420014 56138649
47215100 28863522
79479239 77435927
56088073 31874640
76811140 73698996
67229382 43384930
84214194 34870860
75811719 82604040
97498640 361200
88737910 92193019
33387667 96780123
92409045 16899067
22612253 18369685
65311584 77104052
80325413 97086273
31878264 63936136
49475088 73029389
20998816 55900094
60001791 90052664
65435075 8851000
76345903 65493586
97665501 81508924
73353159 53794440
38908461 75923364
59722924 34575214
26509286 6879332
19037489 53861656
41385935 31623965
33207927 91661145
65958498 81098640
96440187 32319331
47731770 99060947
41972554 38698464
37722267 90628182
13105722 52842932
18271545 56122962
99572162 66851939
79443495 68821440
45912479 3160264
30098291 9343248
72370840 66239208
27670207 30735412
13523458 81347321
35319793 56943508
41102044 27747935
35863593 23369026
9596551 39212851
33853606 98800206
21896761 90965803
33500928 76268013
99762756 80581940
31522215 11507281
26851188 87825257
32203766 17101056
40891556 68229068
83584678 49230706
18184569 64306189
1977470 76954982
72254152 46263511
9752269 98530747
72782158 54943874
21672263 52026573
64462748 75322703
13373561 28772278
51567008 98013353
31447458 96808199
65419658 56002192
37682487 24404167
30264934 81313912
44545957 38239798
14773454 27681513
51103055 56308396
47950700 38558254
72927861 50402318
51456274 15858557
85931989 67919479
33343295 48938231
62266002 94606163
86964343 24240049
25879473 95690630
40894167 63768174
7952060 25139329
74212164 8533943
62392820 31142313
87587273 20528424
8631121 86770854
33757168 28502856
6574722 37100181
28596547 27251189
50850036 27493773
56832267 34450427
5763444 18123756
75486175 67836652
88059006 11898205
60444714 40790314
26429074 90024150
33460918 83536950
79384878 92288073
80882836 77685514
24083223 70757028
74878946 51911884
22896531 17018513
63681102 77476360
61134154 249173
99931432 24819321
73813384 64704172
83974017 7707689
13608096 15848315
33637107 60027950
2572517 35795614
91121796 80788941
77039972 66953907
7341194 2649802
63949769 38613161
36944393 9733010
74323055 78793068
58405669 99017937
68407502 72849404
75034974 33518429
13906672 61026362
11666684 27409044
60885118 95710303
11804424 25525251
2695329 5791795
61113098 69252433
21277096 20248423
58307240 11773630
22716653 34558826
26436146 15205991
64415841 26250890
27781494 70594204
69077817 94632850
87954040 10403880
71248418 71158969
33968114 25107927
3540442 60129239
29575636 19885806
43557296 18541706
5422286 23055753
68124090 7761890
88231312 89190914
64167852 59148295
97389690 24833041
44723645 36481098
66492948 25476846
52397881 88352105
8338515 94367208
64034265 2028635
21049259 47476514
13234790 12175414
86789608 16733522
30332339 27448334
72348070 71035594
8474420 89855044
60331493 97955106
69683925 40294790
39318186 99863056
39377776 25910498
19420552 92944026
35167159 44850107
61853573 97574202
98092248 5302342
93051602 58488686
80389272 9790404
63877520 60761618
86965529 77153339
19076511 9709031
56700697 5892458
29308729 66055149
56600955 94960396
16819167 12521235
24517336 99286454
94552588 49440116
83640038 37344676
57386526 18939368
72043576 88080337
89967098 18025092
29930377 6733556
62752620 99581244
98619860 17438807
24811278 24120166
35537559 36335389
58505686 11742604
6171728 83807565
29980000 31539426
32084862 73591530
12245409 24819558
85971067 19784380
51915045 37678569
26699863 145160
74256224 52685460
23751960 21054793
99144967 25309582
88159366 8548113
12913165 28505223
87718656 7072654
98945487 98715683
74347817 13746739
43528770 82476578
78215151 51609579
6699120 86379503
93649665 19974264
39082748 63179112
77801408 96112863
87275356 90326128
93649853 12201279
45667717 61034480
13126027 7181710
26937662 91229521
19119592 5429671
48278509 65003252
62283608 3034642
67155242 70561486
9226172 69392474
4696825 95652624
15366397 55223723
8975790 65962630
14259487 20670270
46808966 40347921
81404267 14434696
10405221 65872263
23716859 68516487
21551234 19511108
80411214 4664701
32431673 49841515
58951950 11756047
22682147 67021629
46071235 62390611
5044002 79420608
57904205 48975446
84645723 48705206
48460452 84968648
38485913 28604059
39379933 8443446
3908703 84196412
93463189 53405545
70537502 23081767
85814874 52498015
12444317 69469508
49026317 91875721
37466719 13392461
47057446 41483757
97011611 10409691
95486094 31753894
95354098 49387798
11252468 88733029
94254007 4043553
71554361 21513359
94053271 73044302
51420405 86623998
38580366 62246971
44499888 98673190
66752724 55269453
81679929 27824965
96112505 58840379
40938881 82526514
13599310 56100813
44004530 84917006
42361017 74628622
27129776 17109255
94860399 26221195
34296496 78205347
77176883 2724128
86904327 59847030
16463256 54745962
77546605 48667869
24184357 235058
96770228 46714051
5623092 56589087
29368073 37127647
71148530 16887410
15267119 80793509
2955891 80638679
29914834 9950193
43618701 59482608
59311542 24794711
63783471 34209363
19963765 76364250
93584989 54452235
70527110 33649495
42854673 47039519
56870427 82011711
22128106 88039903
17363008 73721772
846899 83871876
33230604 82981644
