90 968
269557 111638
153114 973815
580811 221261
518012 370282
505558 457305
594962 513008
637954 331997
431519 768913
413266 209305
138327 703150
26009 844670
384989 620164
77180 258653
468552 893339
734857 739176
391962 908982
483353 698417
859317 402959
835713 133862
106443 987696
947289 237915
48274 540113
532835 533668
664910 35172
703659 268620
982234 313981
785264 432139
662149 424121
485746 315564
173572 765294
920806 241733
343665 885729
544474 212616
195742 258983
687094 941385
449951 821849
722298 140286
402041 240973
504329 570837
301217 130613
680624 420209
363635 811509
708239 463637
911140 325122
526350 610577
409410 678276
854377 75828
248323 315554
897340 856592
857121 663950
506209 678389
959073 721591
274693 729486
970094 784502
6087 336251
969477 423007
221340 927852
355948 492679
958655 934452
546561 12976
764604 400299
45937 46313
904368 36259
310430 42449
430566 620295
389415 355115
36735 583988
324989 182616
459890 229568
589482 529223
568229 874056
378659 555233
203459 21329
372242 641957
596826 639480
877304 703411
613307 662591
728195 812362
31711 188516
727236 997525
426826 783115
735653 973214
493030 592562
787643 522544
496108 287016
153432 572621
245952 64828
568515 190925
510186 708181
656370 623
