971 1462
15509023 81914790
71653864 340572
24550386 26476202
50283823 75303301
1163464 44390231
36347286 152543
58551665 38212287
60987378 33003326
27576265 65654432
54573902 55164140
9053910 61518212
49306714 37321222
56769649 88821402
12918077 39610327
74386122 57715356
66638735 87906564
66932040 85004853
3109459 50068111
29422856 60797464
66276592 97162441
32040157 28189098
68248836 81186966
98043462 14781556
49215912 44400106
87991068 77966661
35133604 90991653
14112271 1713053
68132214 70796558
25730549 50664215
19455901 86255538
80964969 37912091
23839731 87911351
78634704 34923132
89945258 78319336
43512233 23508943
5792302 67507977
97919977 16067158
49079431 41612369
26214600 71611308
45900639 92819223
38575780 45618531
95044369 78753569
80676033 73648781
67433552 42000728
31587658 98599865
81938384 36234478
43504773 71840183
17143508 79051612
81151541 43661182
73278889 10555898
14583340 96446977
41519365 1126086
68186154 89287283
4793124 24667071
61737258 45413681
59509124 20320448
42296664 81116026
59955451 26069476
15306327 93222386
49073840 48277933
23057433 10335650
3559869 93217529
26751811 34016846
61065759 12997682
46646656 2899326
22718344 6412355
34737521 6847598
2601331 34277732
65493293 87610526
12954980 3571446
44520953 69513718
25657025 32428868
84959854 56449933
90992532 48361749
24882496 89130224
13424578 7948629
42501081 32415575
65840572 96716222
21826842 7634829
44631594 16892345
88237137 91449342
30742878 50120802
13038430 16809709
24871540 16548082
94913227 46339727
69474271 16861991
79304923 95374342
70145371 71028275
87990466 1824559
23029136 37633203
51537768 1401458
1115962 54322885
44934142 58245617
98817142 17705171
66160929 68058581
32071382 50465680
22355410 50291219
23365709 64426891
81322316 83824082
7703565 83809194
87563758 10943110
52542645 79583855
82305966 94176711
32546154 78161051
64973272 69891915
32630028 35241139
57930549 75336364
67770153 5280536
80321678 78210195
16546143 38768976
84648438 17482160
16137950 34781082
73651133 95414035
98676976 46855332
75341493 46412683
66552586 65834140
93168169 93981242
1133988 40315047
99051080 71583655
90945608 57053765
23826689 45921617
96687129 35181713
27598980 88879847
32359313 20848549
76706385 93725962
10969620 70693687
47087971 16109676
26721441 29996737
57420658 39190240
45790911 10842373
51339798 58251438
99080743 60212371
21576495 93719687
64209903 2829444
37406293 94809753
38954096 72584697
4829206 20147322
32165251 34655480
82517888 47444190
33699897 38161749
37874690 67566358
71113735 49648971
36696218 45272842
38749625 55402535
77000624 94371561
75501238 50646575
51857939 77491932
40585672 86652943
34688724 98456786
68381673 1660269
13041380 53208575
27362676 70585951
30135817 3328239
72696451 31371374
58730166 31661326
8438767 70147354
2608554 89356759
59770632 79443181
68772528 78573666
51711581 48816373
44120729 30006623
17238166 13188038
41804666 47141407
36995363 26216437
2230756 71960462
87953940 4666140
5990201 33354886
55976314 51123678
49830752 78353113
60028610 58341866
34726413 27292767
21995717 3620839
30489456 21385842
90457730 94340406
354245 52306122
55212572 24422376
49534456 41306367
61771633 52960558
11564700 72820838
15674448 53877788
38817659 9966748
90011658 99155784
33336965 34738689
67220713 76574701
31703599 61361591
31446573 35709438
17889807 62605231
2924022 79765535
64834327 37477580
65401444 75857141
61103775 67391530
30237618 5389964
67344059 83022682
77686252 58069750
85509043 48227191
10244125 66747170
70271539 92882941
22183219 57035348
62540371 70217844
96926975 32528417
70451605 79650743
22399981 25208150
40178769 58755195
51010589 82477048
11988067 35045536
85519155 73918769
96120118 88913185
11797584 69617622
24242234 64381572
66596994 1018586
33256825 24410770
53478089 30088469
51238763 92587594
23728532 40823844
95295931 79596735
66592014 756485
85387903 13703591
25975468 57262027
76087713 38952291
76097456 95159888
49204303 82711373
10807199 60413457
99253495 66581325
83042020 22622275
77808030 58405593
6725337 40237160
28846892 19684148
50039869 32489965
87452453 58033541
99765513 70357860
87737297 27363381
32397698 61675697
400420 8406402
43869912 99075083
1004741 41300463
36856988 93290523
2433592 57274915
9692701 57563928
84148704 18373624
74750350 21000314
59751293 52213744
76105431 7556681
81803851 38997932
9614998 65049443
73278397 87114120
99541368 33468182
60264591 75602615
44573283 77947886
92646614 72795183
55135083 55975175
22743701 32603106
4411361 9051144
42118757 32909187
3816809 82898831
77889585 90586773
18439353 39051020
67737723 94868247
46861463 26629906
16804396 21699436
9261930 77862389
91731150 22339122
38099144 12466686
40093875 12011013
66016059 23196642
79459649 40474247
7942658 12680048
62945099 68894394
55672789 18087911
68634944 12500815
63090120 92507075
84697728 45065943
48617745 54048849
34272537 82968761
26631218 3056365
74456141 26603011
96285398 53568873
54747906 85242486
63160010 97296269
68120391 27041493
49566000 8998024
7545197 59875555
72321146 39504702
39164162 51476988
52118420 90169602
50967076 81148707
85551179 7433954
7686449 50601098
82956767 46537990
42142940 76645478
51713619 16394569
52730549 75314723
42484377 55564185
59218590 65486744
25902470 36575137
75347819 79529531
92085781 8997948
12108912 98753750
91878776 25084127
30544733 15517006
57042904 91975421
11504829 97972991
78987049 11703447
99038296 48187515
30385045 65412585
22064496 45088358
50505815 58794834
90223261 51568626
53628638 53176033
88487044 34381170
84770673 78642832
53488452 14949154
30253362 75697163
50447861 64640238
17471973 4884636
1135758 58821139
9085295 71907041
30817594 60798158
64673990 17561956
81018708 2087149
88813256 77026023
78024788 91414871
56778498 48893255
77012591 92722375
62882412 6443055
64735215 8209705
53146870 73359438
99929396 70912348
8991786 41776648
5763249 79024558
69615129 21468052
43711339 64575689
29204136 38575334
58336239 18517228
80541650 85493553
35639163 60761565
89425491 33592806
57218417 6707015
46359919 93908230
23985236 47691374
7598423 70592302
2229645 25097001
43442959 69451393
62087726 98164421
19805684 80664052
56657504 51462267
78458306 52987564
91988862 2526136
1612785 22021094
95173326 85805056
24657889 20679463
64941630 27193356
58651027 27533751
87366983 8795569
12396444 40947794
10691920 94911706
93696025 80935179
11250104 28832113
43796239 45215648
42010260 86276293
27408957 85673716
48873178 92956831
89663116 95941
82474162 62401919
81903947 65659651
83211830 4465247
46230503 79482118
57538033 16185334
89883552 58558308
75739771 57895264
90905403 47070623
28114494 18823587
83111344 14289678
63324867 78980777
32648448 98716821
9766354 54877538
34442758 66471335
2479822 28174528
90244975 94922226
44651828 17898747
67649332 56345046
26972140 89610838
68543685 54806855
75971540 98816205
66805495 69335808
38128695 75215650
76289771 27108212
78523637 18338917
44679262 15334585
74035253 24851899
96828365 93099146
14592521 51107021
49955995 40154601
98529460 7830706
59018716 9839050
57280993 96248297
37976278 70132047
97144150 9449284
5185101 40315800
74158958 21694460
33631158 66836434
3822732 19051133
22376382 51145038
93135655 34677542
58365752 92046148
86611193 68039911
43908325 10348597
32590849 86533892
21937216 173638
81340528 60681866
28439872 81159300
50368995 44609694
96246613 20219489
64484860 5473919
47589055 90889619
96715284 63895797
58474870 18667683
50424416 46320548
37733880 12165972
96730880 77519566
86863240 9855192
73975662 16199144
44597206 39336146
21293132 65086271
20014922 91867303
63354713 39299809
32896563 29109290
21478318 24144343
10423046 32383373
10343488 31286912
50072676 7198585
36169873 54161142
56963646 91674065
54139892 67766302
55677395 79240291
50700293 91336504
75842539 82094838
93939576 75567967
10279637 69333421
29636864 8704031
77903515 3572844
22312503 40714277
62986387 40899047
42391249 16662066
19722954 72483435
55359602 96099133
73543557 2430287
6840138 92970137
57398238 94810063
7739159 2371740
51062031 37196501
75183664 87652146
51156260 45561113
49309373 39956936
7608870 11714458
44762231 91602586
24358546 2620527
4674737 26567733
17659007 42317072
12178857 323365
21693194 79487853
80736592 52661243
85048590 2141057
73776592 93032825
52760309 21367442
20456878 53830804
81320265 75604926
9997579 27935665
77698411 56635308
23721975 30504900
90482421 70658721
18320794 24032730
45927452 98180953
17282270 2102550
29199097 17702416
78645345 25800369
41005600 47120323
4558471 64341446
37737393 13014234
27076259 46917310
27143539 23143324
77722381 47759642
85871244 92440438
2200176 34524717
67647860 98554476
52321802 57019575
57385024 63755050
90754496 1133614
60035451 63201834
3526824 78649552
32327194 55976880
39810387 42645304
53552416 65875561
32788554 79802607
11792238 26391093
25613321 218017
75016128 61359444
68059784 91852483
90181707 30990586
85664313 36462047
1294734 57108000
93075780 57135002
23469189 83556026
98546579 49743739
51971282 98985090
25872179 10543837
226762 47505565
4501673 80757446
27285459 88934280
41283704 45461545
20169593 23053448
48542223 79524595
89436269 58724051
92636684 97972956
75647819 80896578
29154128 67151187
39460238 45291779
43754256 69462534
27543814 75244401
42416223 44275383
45379389 26371865
23525393 12170274
92964634 51656386
35222212 61738945
29211426 16235075
92062384 44601393
47367934 59938394
45584105 41652348
86476571 89034389
77770245 3173283
46969312 69887801
37359955 11803684
54903669 70045461
75503644 91755924
11754663 73673848
11013468 63679339
43506726 91001822
34485867 9632633
21356427 69114010
81188303 58103912
72638485 29472759
43479162 64040640
93573207 78440402
85752857 39116031
71130051 75076900
53010898 55667594
51602550 3464120
12846970 78272674
18640320 86610282
1737674 90660883
68386342 87904149
18546153 55171903
83486954 14322325
25507442 61401229
33471945 87129641
17007509 50680587
39401929 84086534
29123383 67420188
47673465 86282345
68296742 40903821
96136808 82549516
22963040 67162579
65266310 55934609
5226850 6880569
45710745 93546865
92041474 4343802
93725744 69109987
33840698 76084379
2789174 50171061
18316379 32526252
18024869 95829207
82453524 14197966
87765187 93615201
43423708 50937233
44068300 80564822
21308754 40671142
49606248 86242624
78152133 26622607
14003769 32671189
17677260 93246101
53022245 9778251
51144733 68306789
61443047 17857073
76819138 2391234
91052546 69138161
21389367 30232686
32232152 49234855
97265425 31855158
37762327 25964898
6473428 56003920
70377941 43002927
46972433 19699435
48231846 70791323
37165977 36985122
86949315 72431547
48372135 57477824
2238514 88482051
50725027 90741559
80178863 28772867
59566416 98426051
99639951 58890956
25914803 34397188
24367418 71388638
53708215 69408915
13992597 62056747
88530744 11124602
21255286 44366175
35471341 67289676
32414566 24683722
28477915 95783847
38544368 70735852
98870982 27962875
85910873 59459017
60387996 96458536
68174477 30617776
51054170 95588702
12987975 16328858
75899392 1732771
40999893 83782453
17770749 95288439
8399336 94088838
76942906 64909165
77723415 6807928
30407338 66360148
67886850 36291466
30155986 74800599
40866378 14706433
18959203 76262121
17450636 55284531
44201900 15304775
15374160 55443383
65614486 60968212
68174332 22604255
44124318 88798255
97876915 18710206
71838566 10586795
49679596 94598388
53734408 76992827
78243116 96666857
77187513 35548222
78053885 91080555
22065540 49501911
34073552 53669744
2493936 96697566
42441341 48888446
79633815 22913149
15592171 72574561
16299187 89864311
13879083 33346839
88766375 98412037
82480633 82786953
44273999 91081047
94923817 32379420
6661852 89348356
31636243 70471954
36155696 969693
52036265 64320731
9649732 19887141
19447758 21570708
30152392 82778454
93537778 20995109
18196873 88765391
47426623 23650905
86354136 32840485
89076068 85174548
95273812 92751378
11154699 13448385
8570079 32527950
42019962 34354758
20729835 98626844
46593850 51633520
16884009 8531694
55364948 98569725
40666801 92150750
1513883 59236190
24189561 44366808
33570434 73539240
35110050 20269225
95334455 32358834
18515923 50600715
33240435 95030928
69772858 77199280
74585949 37113789
37683538 3020656
29227394 3626807
70605969 87715888
28819256 56936773
87218926 10537480
87834443 66530249
12361287 63448169
63724394 12947311
89339059 78938366
5355135 73138914
36057631 75107471
74484402 47537622
34803645 28219766
81847396 52433204
31981720 19394951
4318602 13146015
20164109 84670302
12973456 35478926
36697902 98764305
73457415 86091683
12883159 47132870
55255050 70960808
3001952 33101438
12446903 48285708
63374814 18569680
77349942 97623143
179100 57888658
99213723 29612916
14994539 37265444
66901985 50479328
76404582 29756688
93898191 58811800
61231956 77725271
46081445 58514289
15455308 99460451
44581394 93441344
8720003 3495043
55911625 25867868
18119619 54258789
63319005 37120880
87196869 57837007
9495711 94073917
91829359 43295305
89620031 30451501
60137770 73490337
63643638 6053703
31331447 98073739
15727363 18631375
59963930 21818010
60321323 63606364
25886084 52627071
75048562 27379481
34822915 67370903
55299640 45404885
21230708 31395833
89946236 2952923
20663235 82246516
75039307 70000627
14013920 78548675
53257079 76870836
69829216 26903841
44202070 27239737
74125713 43152351
48098086 98461732
78459514 82745812
90643618 61724046
54472242 60822283
57317140 78831389
13033036 38275469
86373946 14838070
58040743 48438150
15667446 50775011
38403053 86270283
23501310 83957824
86783312 82497097
39976847 77630812
9539918 86180109
7867063 3070847
43010794 7669710
24484677 81809914
53811221 87634578
48726910 28191858
83869051 85505116
6208057 64985045
8935493 7541330
49870088 10468222
7625286 8366445
77104459 90441373
73348488 71203499
45819169 41934217
64711329 28671322
83109611 5914738
38586349 53681130
78650736 41226164
64856374 91783914
55784949 48674770
27329833 9340412
55716182 71631117
84189269 46905461
53457772 90088772
22102782 97017319
91367295 88867455
66297969 56357698
66172157 54577279
97794380 56440559
118991 78769828
50116166 40060624
20034276 45965091
72565995 55582342
89804464 63882009
20207887 45640058
64772152 52273952
49547804 69565544
47916359 33901901
82333832 93641399
91873226 4593274
24156728 33567522
70475674 74598100
1073724 91373754
24637243 97979051
20223136 97525682
84883104 52476888
59316681 97513711
11591045 94599598
16841077 52729231
45290546 30471216
52692657 8968024
27305391 33096930
11493980 80668953
8420585 75496965
15433889 9645049
54672546 57585164
98805217 62030049
45119969 77351364
8111236 76559069
13675568 2065618
26990942 73818150
65067190 48524367
88496092 35603120
72337290 7255636
15834384 86673837
35365008 64895853
21860394 75363654
93360875 18504079
98121659 44472382
2364438 39781572
74009381 11078909
68667031 99799244
6370470 59682056
56592599 90287982
98246375 16357720
85322197 64681694
93321738 26577208
75821501 49874680
38927565 85799591
83995463 54992582
77438554 17217472
30419555 42987467
89960547 75753180
44330500 9252110
68196308 9065396
68155941 85359012
75291676 76624305
17845416 89020410
42823717 14545374
43708877 50503805
56107965 89266726
88277917 82299099
20557553 24231658
49390333 86403428
9895696 24342088
56276498 23763536
74936358 79536228
74137594 69263960
97478875 14685537
3425520 26595783
20742836 13761861
97192462 76517016
97554771 19048168
45028049 18750063
79796993 95106291
34778087 15083699
86567305 19348378
25489490 82058717
2395223 88947341
2414257 26576063
29132334 10912455
3641448 53221085
44023124 58653624
71936157 80989618
32069251 58040581
90230150 98534776
38800305 85501483
57668489 8043312
55295342 71097915
33598214 81031054
8350826 92314913
27688620 20646864
20410915 82791281
77136864 34048152
88271918 88469482
70840862 59342244
80288181 9436637
71345004 93789783
21537825 6068195
43418877 19534244
54331569 27747662
19675105 72485755
78962396 79232025
32328202 68675789
80348005 67929833
29815884 45653892
14553555 53739965
16684051 91412462
56223381 67238076
29983795 37705631
3908019 43081367
13401387 14739306
33701108 22909828
39964812 66573044
1552601 96308836
80921728 51638789
34447284 62039071
53600705 38000753
20818970 14913927
85956550 26287177
30219699 97478148
43733477 76260466
7213263 35364641
85402022 5238806
62488068 11909289
31659256 2830775
97155990 63477240
43256032 46839676
93877979 95124963
62289434 53056957
77095802 26995118
39615616 17259818
86624580 16919671
45659939 19675060
15991557 49729534
41788705 89483858
86812307 16916589
32274256 8557535
9757443 39140698
71548322 59149033
88286332 67427741
93008553 91679332
94914005 74712120
83055380 82572025
54843456 38460215
77977524 3773585
7390495 67124491
59460542 91854524
99926919 54598237
23676860 95151231
38211500 50215717
14453898 29467951
22099772 39629016
30289425 38076894
6250192 36790574
37928957 43857430
21021411 17115781
74016917 32762216
82368459 75564124
37333246 29367636
49311760 13825290
78921311 23645937
56290054 41330335
31686666 93492746
23288897 37248755
41283994 77893204
30649938 78017308
22914264 25305701
47000734 21164519
45714933 1404813
32998370 27202305
47217103 54805459
19962400 86195307
43538724 50649871
51619906 20636447
29320762 61489982
76490981 64187251
23593986 1229778
77460486 32272075
71791549 17563451
59555140 24076836
43886973 51600159
48007131 86391161
