978 944
92688243 53315685
60464142 58043009
59542655 43853279
79471096 60564610
96525941 47758064
11577782 62434664
63421841 24768868
16344994 39164247
65696669 27526794
20060390 30257470
88064224 92599084
1596895 64799287
9973215 88500886
66211679 56785380
54546523 17622849
85063828 57742356
10214489 62605161
14242433 50186414
91835299 31680276
93175309 80624933
39714354 41185602
99907663 34976581
5143897 35863675
58282749 35098639
84156543 70223231
73844102 99485249
11361450 32136206
17229263 17159219
59247140 16827176
21877313 61949420
77853203 54319101
96610140 90526576
72352819 90853301
20082811 51514503
73752853 65399017
80811654 42687494
57878485 14863490
63765041 73360283
21690795 99523629
84662473 5092164
85697934 33161626
76797567 57127726
98473245 44015018
6346038 9105385
54457788 28347978
68952658 46559481
34357284 16270108
51114067 75045436
4879691 3402421
15110197 48753351
50632214 53446262
19266933 73565585
30999571 94475253
33166360 40089720
15876988 86670688
55621600 32620010
42222330 28361913
28338034 34317150
68420785 83326901
80632810 39090607
42514344 99496653
89422311 56767748
50962701 81238958
67155021 75382577
93804734 17741536
96320344 23669297
19857928 74086020
64076635 34465753
6421171 13122996
24639387 86344491
68190520 93747882
99446048 67329932
97588245 68107080
34845029 82644137
52595201 85788390
56792362 30085015
89842190 50454262
11555547 97532335
88542256 13514874
90526770 91478441
63380060 12823794
64677942 56765337
23722200 23907619
39588485 32090585
25581228 83374330
90043390 86628815
47843023 6535493
26545405 17050305
28232818 43753844
80602412 50007168
28656262 87172597
45289434 27472848
91990282 89661004
28040465 95603156
20425202 53635121
8380894 37439895
43376863 12753756
1144126 83015106
80004289 74201780
91210159 52585120
86739571 43617161
9934262 58399400
38214378 11160979
4924087 31079572
95387379 37305447
3060432 22561591
17439919 14488386
8116726 4414244
47663210 41004022
3897236 63688971
44156678 39915849
78668753 62102161
24038062 91383245
33058166 52922829
34921319 64090164
23579165 7116952
75605914 66990364
1077196 61739898
10486612 88377474
99728882 51530043
52868280 13513578
81509060 56057675
5999229 70594039
7516153 21890681
20706660 88097897
50604922 8345159
78799985 73202488
87232675 18305050
8294776 379640
82337267 26235687
8661417 56221252
41220972 5333254
40014595 82583051
46775462 30087991
90779038 62374107
49075187 93337844
72241539 94059392
86149623 35107999
24656958 61799598
73912986 68606440
67973877 22918512
62228654 41198976
44381182 71483746
91701928 83315361
54980697 86123617
92090370 7317512
56913737 82800694
8100012 88053106
80486755 5214658
31624937 7167846
47929632 13315417
80823365 60392563
73705961 35219146
70098172 18621411
3073241 84002609
71516745 18438212
96545097 83199272
32926586 82868506
21894832 36219199
56564413 5343664
10011090 62940191
38586932 5310293
19509654 83461978
43604736 82276995
84574039 61163467
98949690 17636815
20001726 38346959
38769949 80285804
5001955 35400169
35717006 86738414
59152594 22917466
5800560 22877977
75844658 94514524
49956857 41846109
67899471 23204140
8520077 69391492
1923143 22617674
55019575 58651132
26244562 7573727
36110674 47548894
92368755 69883458
3386381 88259209
21516372 63587479
74228669 28155608
27491246 36294551
65505682 66749665
34227856 41626600
8856490 39707777
84133870 62002947
3457537 1197284
4106095 93164056
41369390 60062918
921774 49622612
29225545 86953495
35943216 90969862
1231686 59029769
45234039 10013989
29877279 87102648
30269177 41058379
8397136 274812
16240753 89667040
41834050 32432941
98787042 79777903
99966313 10718763
80147876 65923800
68586950 73732483
35276891 36926164
3386540 97092868
18014167 97774515
99591634 65830601
64084138 62134476
32110503 92513874
27542994 70807057
6737141 80337047
84600439 21540348
61122578 49320678
65167797 40653254
65438128 81590384
21729840 65137959
70684985 52666315
74022307 84322102
39617969 69185606
87827582 21725698
12754475 5116598
38937273 36666092
37103926 85973838
78429850 30435472
22883317 20764004
59400834 89525582
88739226 1072872
17279045 77361391
80187464 60203160
1806605 87490049
8716059 84866107
10500408 2882905
33759708 42571638
3694390 41383296
87816723 97483766
82792559 55101326
34324807 5932030
99766443 67214313
61153693 51052530
41456232 37985912
55188294 27636315
79875067 86724762
27670041 84020683
27987322 15126757
45761365 78594705
22397092 12049320
56878430 96632250
31601979 2738248
6266124 90332710
94929571 33275762
3185351 27024456
61477962 51375952
39328217 44381884
48793783 4727074
10713821 21883574
91432228 11611762
62514487 54679764
17111075 17659507
75050351 29328131
91293716 7387759
61673119 37863209
17668847 92969695
98121196 43651195
71287202 21449492
39746721 4687032
88581854 70863818
11127788 10564471
3689425 44176571
55399378 10259709
9686097 70335719
29961721 10781947
17714909 10504094
77742623 57630084
68213641 70692284
33875978 1350408
10036762 85542950
72446828 83215067
15042796 88661078
81105098 987960
40429232 34927984
98517157 58067372
19005030 35549057
85589192 91872868
12491250 90439715
43156312 82586144
18816691 70296633
4130804 40746475
81573155 6187561
30658121 68837860
91679060 46717163
42845532 73159467
80830149 1725578
61017550 8131947
16955858 75537267
81095668 62673509
48811581 60201550
40364968 1235373
43453834 53806917
61412890 99934594
26269606 9755667
70902446 52653194
12659283 11857032
87725207 30957014
40803824 34719105
20414921 73819531
80679409 62480742
74716932 29861211
89294025 44889807
37605911 25451248
62401980 22757986
8367258 86349831
48123935 32405840
30348418 91420449
82574709 42325884
24371778 55476474
22942162 24836613
42300184 30804480
11654615 27941183
45073474 46352081
68515936 3430923
66591572 32302252
53647969 98128554
95070397 88890993
17404083 22370491
55797555 64477316
13836444 19751522
62729750 57801015
3949292 31921622
20837825 34571835
97459411 68530460
76895668 980404
48345551 78864484
71527684 7929031
99389857 31024403
36778456 66648010
86956881 98734512
86534050 58806982
88563596 58294530
18718482 82976091
20673127 81642837
56744049 14944755
74902383 35734043
32069273 9379360
21536956 66614916
28575368 95886523
61724803 90913575
23920609 65329684
44694588 38357077
2819216 38655894
86866366 62386676
31233445 20084940
60402477 92224687
49433146 38259427
3687740 57669387
21751484 42816343
83326167 42138076
86288096 97395589
58644182 36949329
42010135 10895253
8374235 53383527
50545331 34314331
35216205 44573552
80674634 56772964
76615470 30387395
86310076 7365953
50392730 66894652
73096976 55255726
53766175 25787294
97625000 78702328
57932649 96280211
77849595 63730427
32436880 77578682
22143279 47388306
98799101 51666666
72462636 6836983
39201505 39430432
38459257 50437104
76453918 56187952
49304302 41650232
3277015 71763692
77478775 13999596
3916615 85965552
37826499 96867908
60563994 79905475
30483301 22017302
13784342 36932197
32054380 750612
53676372 94123691
44645536 28839450
66234731 34976286
41326152 65771495
36514627 57861627
54417332 21215029
4991574 11065859
95098173 98071340
78635091 1396514
9441334 65112031
20974267 24464523
36291275 84022197
40172692 49989788
38534193 49374163
23096902 69444066
43618406 37473266
29869251 2580374
2890298 70323171
19078861 26669443
1261138 87878167
84923153 65952763
55301089 74557082
48814119 76339599
49885849 98955547
39753533 20348232
47253434 87350186
57220934 35113780
1335172 93949447
81386462 15849159
81549737 17287393
87509873 81787405
43043433 54773897
68019604 55276252
13757306 77981810
55665191 57999440
78395287 17141890
34834113 84896117
38449885 6367706
90846725 11101674
92167817 27653142
21556256 33008396
81218324 48197456
92227241 27907916
50771833 97310782
13461127 3112874
96706672 58051483
73986138 97302968
13031348 26465656
36661546 6561058
15615035 94495353
52316154 91168600
8234041 53094025
31353171 29774602
52016695 97855916
72286021 5700695
72904631 30903300
48048886 16884179
15463787 46299201
83270603 48719586
46108288 1573440
74302283 69937909
34488953 37074429
79827745 10938181
45394399 80429601
49078249 50669940
16281697 7485812
82514060 59507747
79495447 84622252
79678557 11802167
68809053 31916571
46979624 73655660
96314814 85536776
38041032 37649734
54042142 57779092
94742753 39450648
13556233 41136279
48080532 88200727
59716112 59629581
23491231 96322297
9101807 57150150
66690721 75023861
84059476 37558303
16942463 37889453
13500648 2713169
43134703 74667890
77546893 24047827
1797611 9626235
37213701 91902390
88013737 60083923
86422539 73117513
41195434 54691413
46587801 32178445
54261857 69972460
40234005 8139802
29598665 94286976
30484185 94730371
7489306 65495724
15766277 80081388
42537629 50903579
68540491 68067945
17327487 55684870
87995408 5874184
67020841 90715438
30369650 7249017
1834313 22225922
41162977 63042748
668170 34942748
48907928 58866939
12404593 97753586
32576078 78070530
38993953 71362685
71417532 94928005
74726425 3732539
8898429 1521452
75357551 85033845
44456648 38018688
36046365 74232098
52161155 47970388
64675808 20584771
13507963 77830050
93795918 9040084
23463143 5277324
30001533 15638616
74894854 46790290
66545694 29779373
31265612 63200469
99041382 88499195
20114525 99294832
93847018 723881
60782284 29545483
41817147 58656601
3015441 75340712
40628509 50386602
19638000 2688867
60800323 47572131
84574985 50081423
36387074 91738852
27704785 16753739
92723448 50803985
24379528 77056997
79249000 47945346
32635674 82798328
14928952 81287978
17064809 22531525
46919035 27749617
21190439 83958628
61539230 52310992
99381378 47939611
69956975 9530551
15639748 86665158
370339 36266922
23869156 73542414
43155622 17671223
14749459 72230492
65458509 25198361
15880672 85245542
37156694 69998261
8718603 16037761
4202710 40450846
96474312 62345872
30667280 91582202
86507708 29737756
16569050 12994739
83118356 21595417
18713014 4971615
7255548 73771494
12580980 65634501
59589893 41629443
93808080 23634539
66263419 55737632
6108289 53254622
35057056 96599295
25545830 61103081
31669645 23661972
74612887 91986333
66165795 91385104
61459593 2037605
44687978 43526543
17307897 51716510
49239958 38734462
11336205 19186293
1286624 32534052
27446252 32952528
52562876 79857537
9952672 84023082
84578330 96698211
56385771 78863565
31573185 91903141
7238267 33710471
17822999 58090799
98604446 15290967
14885198 33294336
5874065 19659588
25375737 74864980
48389062 79519082
61412131 22316617
61705743 54787560
44214388 88310871
55866196 98673437
25843573 85426395
21118006 23546253
84754156 26088040
33649001 36364062
74480637 7376601
38816347 55504068
20834137 60968701
8298439 23016769
30200773 71214196
39734643 40102196
93007701 32823983
48401247 54865988
57471831 89983183
64144287 58331675
59143512 61383478
22444536 75562156
75728296 83950597
72358775 42728042
16227687 88981269
16170591 10541191
17851196 95641131
43273811 85212431
29711809 58069157
99248450 13014385
12084615 85238733
63352129 91546700
93456665 76874759
18568099 72005497
42675793 95052123
12989265 2976593
67174985 56738382
74485156 34878006
19057447 97697298
5571878 70682627
38789347 18652903
86110126 79205814
47575440 27289090
8594271 68076124
91772209 26593877
71512409 68734060
20867139 71459500
90955774 45356189
67017439 42581502
2947693 52308408
74929500 6356363
77389730 93507023
54827465 18116432
35856268 81899388
66250864 8306710
15742429 20423497
80304161 73314576
63445678 80790779
88844887 58743276
12222701 91235520
42907362 28477514
11957189 21081108
36483465 76345634
40456597 9002567
61820595 10805774
37558172 21963216
66953228 42396089
73212149 39984359
89412994 38348418
55465384 40753380
97064076 71043941
58375918 97694256
27846109 70922577
41577115 34968425
35641904 99811536
94592533 17003836
87601682 26543666
42357140 80698150
3270663 82645444
33781622 68902315
47052249 63585917
97898542 61276595
48853241 87049871
380578 13901504
76303568 90721410
42336941 16511216
89795131 31364674
70556061 66981875
70405564 80653749
61459946 78038157
24465337 38714132
58341855 53294640
42391540 56417570
66901019 88793419
8283108 82508618
24494647 27292740
85057183 48877764
48333029 29639438
8249724 23200241
19041246 2468593
27649415 56828301
7727766 45119199
675631 44006038
49930493 27648352
69838602 79190029
2536291 27034291
33850268 22230886
65068679 65924501
22777372 37633005
77673870 338508
76501158 64721433
70751658 11441488
62327144 73531041
65849698 93761133
89310170 30594193
16709610 11664690
18517636 70830322
93609340 70421371
16524337 47628669
73749465 14410814
36923294 86510131
38370829 15589389
6652988 21480619
93230872 62274075
41329253 45351453
12660800 78679702
82140696 59963728
1612714 63332599
4811476 73113564
51020944 19965678
67584426 99557136
97954462 3015039
65312900 59815380
55218460 70166466
43627015 34963420
43204183 59935703
44905314 86786431
58812666 29241431
31068900 13968277
29772775 49053004
61517625 48257939
86158086 68422026
28029057 35642460
70495682 92814832
47786851 95934903
69362189 39462672
76670991 18500170
38696784 79243858
51014990 73098149
47192464 25429519
54975248 1317846
83062326 97047919
74821330 5459565
36369897 86446166
45501558 770401
36499764 70295361
81763175 13367922
69941583 99389898
91665003 1940957
98564579 60963087
29059713 65038763
97413443 29927970
48761244 63816130
53329583 48310654
74494595 66528838
15543072 4918044
13335554 95652069
87265018 4444253
630641 52208262
74137294 2615216
73177837 57355326
67404906 67705580
41336942 60449732
87850525 26757389
80622504 68410085
22704815 51342275
60843093 51523647
70825818 36703733
40302563 8442750
29930989 94662878
59295721 12312469
41943175 94630577
48116384 78777237
24544339 98271973
47063260 41826458
58655915 52092801
66705112 26070378
55768604 22185744
32407614 81874790
62141202 8388342
17170709 32233926
38473999 98611048
28496602 38750944
17118067 55553717
40211040 94690682
43303249 57814115
76983153 81439231
17417769 44949341
30488687 63995308
55016838 42739499
87737098 92810897
77506495 99085363
10990809 17858809
79647239 20580890
51106599 82211206
14017786 16633809
25580881 77976918
55335625 541704
75487013 3025088
48502137 33793996
71047816 65964234
1960545 9563112
15044747 93890949
74386224 32942730
18465834 57848967
82180531 37502581
7802760 93411391
83847894 37216257
38295365 31227089
851989 87428091
28267508 71079060
46433826 19968040
45159490 49357606
16822307 65643259
92474286 21679959
45950401 60497932
11018242 66084055
38820762 30371618
47289462 88425266
65439752 80159448
42996062 16291948
18249881 46718372
40765988 46819277
1369266 52025205
65527020 61555145
60271885 20995690
51242859 21969855
72166523 23345946
58088562 48392780
62394159 9006986
99807518 97234278
32799713 96869114
30211788 45379900
2966590 70262046
31405528 64479010
21081542 80751056
31536303 64403729
47924708 4749665
23418395 59506561
77536009 2408032
51372998 96728456
22566822 99739444
22490607 90592268
77760362 63196555
30478806 13850283
61409294 48487751
63349518 98074782
63288536 12600440
77772053 12603234
37370661 74497489
38769640 24339681
81005692 82904908
80915149 13735273
77554453 14907083
77937107 35861313
51265801 57772365
82523085 86849704
80234542 72528642
51551622 40769788
51725153 5606952
76197896 19973634
51185801 99045962
17924485 68292330
36388910 76381057
46591885 58827904
69608403 30440029
33871553 55285272
18022426 54505854
25971959 71298633
3857060 84053740
97620196 12886802
96300067 97964302
55102127 63622193
9618745 15540963
31679438 81534739
15003480 22509177
33029531 52856109
88731112 73652101
57905889 84959623
59312349 52019536
86237141 89020501
78992889 51713006
24423899 5092100
76806940 7513447
65513843 35796295
28549480 2356975
78717731 71607579
22814954 88894964
63022437 62970137
75316150 20906960
74721033 61394584
29977629 5188374
84909364 57782137
13889620 22711222
19177099 1844318
25239927 43367935
18941937 17136255
89031561 86900721
65202323 38807674
57543942 22505452
5108685 17503258
50736394 6413258
86679477 96968369
18668629 73908470
25691042 99543169
11755525 99294920
51208790 68139266
82418054 64794259
5704519 40634528
71402328 53302849
39868338 14332551
63134493 71987576
94023152 38306003
77595482 38873675
50871542 1141045
94897271 51342926
94416626 85111453
67023798 79792827
6288751 37696301
95876202 55082941
14025130 50256210
53060124 71863003
85298850 53075572
62410850 29818217
63950901 2027240
49923336 41476650
11176567 9864032
75175163 28642894
88807726 56859247
85401824 33847005
93455085 22829130
22978083 53916976
29115216 19231993
96275418 32465860
49354856 53929571
83518972 92742324
59678946 26002548
98903621 69511566
23479833 72840907
65987137 25672394
88240973 83589823
82538731 73176856
39618421 20680436
80516327 24140178
69980524 30183968
53790419 13071097
4548774 91980401
35742228 84371787
17505033 93398718
27073417 206920
67701540 98957360
72508111 14003504
58317740 7344315
3800818 23843137
40603056 45029417
60239604 68660131
95774121 59364635
22718385 7163953
67148443 17738817
1549537 77014295
37970884 31707398
69854819 81560822
50453018 10542054
15523620 19633155
67688975 99611868
682823 64171690
81526849 73385243
95386674 78988236
16716043 78842501
85335974 57485695
47707124 26900901
85474373 49531039
39449974 55218971
77285671 61706541
4125856 89885189
81038087 89805768
89006323 33998084
29378171 46116429
67719383 90977846
33266069 33238203
28009318 10198137
47520576 39880402
68236343 17006490
4379069 55497420
71263196 28549706
