54 685
51690 270653
724322 296891
236659 74589
390715 82986
898187 758350
734019 39721
715013 201921
290542 53644
404183 278935
483583 941709
158143 712489
741142 207034
913943 498191
274135 900484
263594 545113
825204 144007
15534 68126
324323 739148
910779 84882
26536 400226
7852 893428
530222 121626
243135 987656
277744 726135
786975 891190
144014 892768
909809 559433
782797 827070
71995 822111
741821 667744
894290 962262
746826 380814
875011 624239
383755 985652
975327 68885
858053 25028
415428 438197
469481 505616
441370 391066
401648 199250
290131 660822
660118 891798
447460 645815
529178 449302
629106 798668
643653 767648
893646 754558
176096 858469
528521 956709
282389 671848
465373 355206
779337 445506
822832 320472
999800 379546
