68 357
150613 294219
205546 772632
235811 529860
485147 873082
325616 30350
289121 971462
446238 481461
759348 565962
913908 342241
519198 35393
531664 797060
417373 508704
856624 787746
275041 47027
779925 447728
377988 883360
420454 373466
379559 220010
390936 599980
713991 264329
170215 538764
678748 873420
428857 231040
24725 884935
560329 78197
800164 916724
417467 832008
638806 823212
386183 833734
670805 850850
832417 427644
816221 281365
111423 943024
797458 279694
280094 670906
367677 595733
874161 940936
739563 425035
465642 638427
782400 708563
558630 704409
660699 21387
949997 717314
744576 625326
296551 235032
72996 715062
114756 497084
219616 873322
102641 714659
48529 822070
243617 158529
500846 11888
953847 274455
682015 764300
261499 945120
576652 338892
497609 524320
783764 823269
9653 978976
745622 154599
219654 790762
639628 767868
381424 862140
222374 949341
982491 69712
583084 791614
58119 656725
870565 54753
