947 1890
38583555 76735355
67437585 92571856
88465244 32042238
68893207 18994744
31222983 8232056
86455865 7972234
84403569 69383276
76425131 25622705
76922442 93583555
48206577 79351516
36371193 74192717
72221505 26670128
76346114 87412761
69816604 75740527
60658381 78145041
77486101 86861825
6142940 241223
65001171 17186915
54248864 87780516
16921425 75594668
61822156 94651047
18427224 44295452
66162153 22676569
2293091 55623798
28196335 72087544
8207421 36951736
49792573 1486113
83467065 28418588
61095860 71569580
14485825 68153220
38415837 24249759
80945009 61794190
56565386 94112723
62817553 18617682
3171843 3228334
60227918 6501842
93424831 77486523
27734135 34524320
42013560 90704587
56703573 99689588
73050743 63461498
84556435 50670639
38081567 63914727
87007169 65051804
8604556 59388512
7929380 4908815
83046666 9857994
85300367 46543486
33756585 97015914
52385971 85238861
28197557 58152037
60309484 29096215
36321587 74781317
18047146 30086531
68306047 36417994
30117599 63964593
37372547 21552002
96239814 58216677
23373015 34428442
29894817 87008582
29153133 67981053
4966221 94895958
27545560 10855054
19880658 14776190
26949741 80295078
56566001 38926544
85364136 78374210
38271925 90730744
25537074 32111968
36176310 68381425
5187995 97300494
95563171 52508019
71423723 34404208
52957063 59288718
71370189 77712126
23219488 82356242
24332578 15826164
56434265 11816284
56311722 43166243
95640874 41287786
76794759 10432478
55321737 54551812
23822158 37931505
35228160 6640690
50795276 63491867
20246039 35068111
65898830 81245088
69457347 6157846
19396466 50867061
88356507 23327492
58709670 83743262
69774290 17435631
17109842 23589115
34543181 30959078
3598229 24862105
17818717 83736744
91759568 17144450
82804143 70227602
66507913 43101614
10137128 10598421
1150044 42152149
63481150 93235359
17592400 95147915
59228039 22651837
57207780 89540540
77671610 14063969
49996050 48876099
5134256 87975841
94940637 6913113
88014620 90481465
37704300 28875147
60102473 48929618
95541706 93525466
90892786 84450468
58838712 55905880
80621432 60064617
73175622 29351217
88340978 33232722
75913290 35522210
27152370 77693566
60924368 84073024
68445937 98285305
45511961 21352950
66140566 92390375
17635531 82265547
66837810 24401348
49660656 17391010
97905763 84555286
27477327 55673172
45222621 20256788
53262805 47193275
8830570 46440306
84480420 58827992
98417749 47191097
85654896 28008804
36202799 73900083
35191657 16881755
31180079 15701930
68766257 27243977
2041744 19407069
55041921 9485642
98459794 93634236
74575345 78670176
82087150 99692866
36111788 58673029
14785927 81353101
15682282 90181619
69650370 58835616
67216789 59754003
12229470 34861447
88929313 70260715
85188072 50617647
33369156 11459850
53423724 22277770
26726247 78011559
76322573 37404911
35191212 4350075
24177101 87370087
42832104 80538434
99338393 26725718
20775687 55938475
2044764 51880357
76090651 48370594
76287115 49510678
2366689 74898155
49377037 6213506
40068946 16827605
36702725 3174907
51798846 11193915
74636868 79311044
2642512 86354509
3817316 62281536
55094360 82401252
29247142 16307656
62223112 38746995
5145613 62417391
39870080 69657534
48965877 45014485
75943452 85509319
53007665 78867319
70984353 53208708
68200374 81004524
47964414 12884694
84492813 51321314
23139720 61497785
58370670 27114877
69028659 42097267
7801810 69847990
709681 63452696
69125635 30080481
84868204 24036823
63364039 89350876
11528265 74143549
6383476 79853257
81018895 36481407
1568401 67694717
47969547 5444197
39105654 25811728
1518813 33812836
97993393 53672665
15786292 3112120
98321211 63075079
78210103 44961621
70376769 22733626
72667577 35192708
95543034 48593382
4087802 55161503
76805428 75798022
29117760 68237050
84781513 98726824
54953972 27219858
58871411 11643950
60689569 51228273
46797333 69739935
47784460 40380067
27108618 9994685
16351802 11173997
34693919 54847542
82868901 26994910
62319870 59616512
51060280 60145719
24213288 16293071
35214962 29378312
28722998 47020991
47776140 6415526
25753002 74398013
97437083 84261490
44542616 15176573
57598406 63509131
77084638 26391932
32905427 43502523
39845159 11459925
56559429 58023911
11479271 82584765
14451290 80793280
34343111 17535855
8614847 42497356
55118228 10229688
51161515 11562801
20329553 10452523
64344787 55932282
29443403 64337791
86109304 98118291
73066484 75183454
96800369 82532012
13549775 49581073
64348970 83286849
41856390 88933014
72411722 17933172
3393007 19584393
64790041 89937473
6508965 1115223
98535106 58143127
98698458 51836603
95561940 48557989
18193057 86932584
11863604 55863538
75922054 5110251
80155544 63169884
29817907 5195336
94631005 73280547
8902686 43036285
28232617 50685496
87233881 49945819
80637195 90661255
12280608 72767308
26319499 87577308
12010581 9333952
22081225 41280014
36413119 13740072
52341216 35639103
85557999 63533717
87439016 27109778
13925039 28872750
29805798 66957741
95891063 84138550
18842036 33823359
45815922 17720929
49859057 13075410
65281183 75253538
53228990 75743233
42671707 27879415
74922400 75062041
28679509 11428815
27405526 45077102
88400376 58197817
91725831 65704063
44487480 1925333
16352447 74932232
87897548 15172979
49524275 89595738
62162634 42770866
79568444 22950458
18454355 17164320
74649864 24199204
28187056 59324676
23572573 88829432
52866926 79680961
97598753 81788349
83067361 42968086
42199088 66306349
63182456 84043343
87518429 88054137
45010991 28153481
66688762 51088849
83786886 11267825
9840029 95570748
22147761 62472980
44180525 99484527
15240504 85071499
67790107 81982871
74258923 80187837
88186096 54314656
52298324 72427401
55308073 55526654
81602987 91894213
82773506 46311374
37443184 3550630
87476940 13011231
72468352 56101285
63607973 52724175
10889653 55341895
11023041 18847975
10889829 63648693
95209377 7565843
58829670 21657581
82268883 16040813
96933545 35185722
72736796 56662535
72609914 11686656
40193645 64236010
75448877 28447286
91232613 63676233
70415490 48982956
4140044 58145035
62223885 96181715
23912402 5601428
88260505 93115436
48185285 71592196
13450512 53198689
15398329 74900140
13586119 36595555
14257156 1909795
51169333 26155860
90767237 90470173
50248221 92869043
11542818 2392164
48465441 40787698
48857201 74785685
98499212 13977876
21894317 43059451
21776575 12739088
2762680 88633622
54970424 29693113
42191217 54718642
28179050 87247775
83664271 16400034
38973597 72793393
10336453 87205533
99766181 70447211
28474791 11309367
12453354 22908246
68691968 44481087
72394972 62701605
84474833 31655834
45995981 73409238
36107592 40958228
53175340 95727028
35481100 14491137
16452138 14824699
9926404 50315509
21077705 92701725
51471632 83126553
47260261 45190759
24502826 5022703
13500263 17190665
15745151 14568854
7931447 39234879
29379477 94225199
36869752 30454509
2230950 29649902
73539150 87194942
76341345 76131231
57589161 31068468
57600564 1081525
98337313 12601786
44676240 4663819
40513858 22054871
41737869 48900395
85489979 69386276
58341064 74201210
35048314 75779682
88807464 18343267
53556528 32517750
21754363 10793668
72317621 92269778
87170400 87557043
58332055 23675183
32765452 13982422
9575221 46993015
71477206 78598136
11496877 26367201
63473183 74319857
32260848 76886156
71975691 4592622
73826990 70744669
22943329 74094675
94761288 38934160
38473225 56192520
38188395 16563854
57076649 10624883
77874958 80164521
69765042 86392139
29401220 70510711
37666301 11989477
73132912 38782154
8242108 87545851
98418884 56650886
66784147 14987095
53106792 68587199
84470340 6379021
73511403 77166784
85805590 42367530
56713033 31631670
83364783 11763210
61920591 33076100
49093707 98115754
7791166 2362948
18291000 74238305
2362902 51930197
76144776 25397783
56579021 26166878
31088032 24654801
16679637 4798655
75821625 12233854
86681787 50140573
93224281 25818397
4182991 23206308
68403353 20449643
37535150 33530414
8474423 56058368
65698288 45792319
71648225 20690812
4624251 45961444
9517932 2971169
63902916 49489307
69180692 5648811
72962054 34089000
54271832 18336087
52018043 13314108
40530244 41344163
33220489 86029585
45965688 69978927
9445992 85661836
76285927 36675459
81493178 99266738
1928040 79203031
5676415 39541526
64046091 53232475
14528620 97151789
11943518 63312319
11969668 35248967
94495753 33293089
24677826 86781750
97793048 14431424
3120518 66303922
93179024 53588188
77232151 66617585
83901856 61790333
87723447 55258185
65201846 6503117
40753198 85130382
54079461 78020644
9654986 2432966
5893550 93724132
54375382 76281886
65994905 8047720
13643869 25047524
32130353 70387044
64760189 67634901
80412806 58724012
40228623 46138774
98641517 80900303
32409672 86580989
98933624 70087441
20544394 32320602
82534821 47686374
11579102 9329024
75387120 33369621
80730359 84525226
73992483 76782069
45696330 61519838
53755712 81229092
6234079 60694942
72475694 81288255
29057202 6556558
550416 91094827
72208940 39674802
11700907 64283000
40708484 39309489
74640409 15757423
46283877 61622738
8384714 89991724
97295359 67264402
33654460 23713400
36270684 74632257
83704115 74208681
80044412 82258082
24367960 72675132
39054319 21197364
49422222 47853413
31191961 90777329
267750 3547241
99216672 1770809
64482050 88769775
32713064 79296997
48291708 81128626
96512886 23305161
86078878 47769975
77015511 98541054
31732865 94084830
80105442 78053566
87816112 43285221
39106608 60674671
52957005 61645981
10781878 99423027
41170772 34546048
22418458 67288398
99400030 84771056
35983462 34022373
42588282 26717705
9181725 55033365
25338964 35290248
40322881 39799297
951232 44972150
92938816 82745350
2753009 87587479
37612445 20346843
10630604 8315233
71097526 34844079
37340355 32640776
31502640 99787616
71463937 26692211
17947013 11192624
79818849 20019912
50595009 96959953
27611923 48309495
11324706 19572488
6515351 98189289
71193844 19154073
79915547 34773868
40103713 76438934
39817411 41137204
79639141 46992532
78352377 78865112
77141808 72753754
13604397 81004035
8735235 76783772
72886358 25827328
98564096 46507165
18271136 88386793
3249259 24454662
87830456 29094517
3770640 94508413
68183148 70198509
50632496 80067614
56735511 11134379
45532650 26939500
42693343 59696743
89818008 67938840
61984545 19356646
48971920 54514073
70136377 59877919
55081237 68116973
93420848 96203950
1702283 70402976
72093759 64415912
42117475 28588924
94907603 16708364
39796230 21821817
24080894 33292695
48176480 11382253
74434393 79543707
25523853 19155651
55545016 40577972
45583613 76048353
74165877 99502703
83894895 1884046
40112204 26285323
26426177 90130184
43927613 15711383
14853588 72771782
91064032 66128463
58046361 16300530
32840899 54240169
76104997 57748384
48896855 6242481
4068023 81645974
5379648 57598851
98315176 70853048
93509656 75368520
52125941 53587874
34278917 91376874
47730184 44812869
91193619 11552477
69241889 8572199
59802104 71928228
53284022 70760398
518576 79130952
17605118 93352837
96389055 42762831
28054648 8411687
59353711 59297965
92668632 35581653
96064904 36176647
1719355 96006629
99653784 17124499
10673018 24741431
13259368 99008995
31060514 84666346
74708990 95609851
68932527 64085613
56447691 56801195
13719342 3001595
79770188 2450356
8933471 77771911
44652938 69025579
18619285 12352432
97706422 86569126
10859892 70922773
54213808 28680645
1018653 32680954
67605242 54413185
87038151 5768908
9604279 15850233
65576088 13291827
64156115 61351623
25806787 18938709
91202642 84278562
11283794 84037069
6569316 49979527
87172496 80272370
79697779 12667498
52847097 81155519
60974066 99332756
52827370 76808090
24840173 24393804
97331514 86497316
62523692 29044624
92905924 88059031
12863167 61868451
51456051 49457506
42490542 82124277
72608534 11492472
61043641 71487042
56037792 94315901
73008498 8697492
87173103 51280318
52133968 28169908
27346649 65540200
10970132 45655824
4712924 18782337
35371940 31882079
82182035 55529954
94490203 37920032
43237313 90453226
45547633 7414128
40872138 20276851
97583112 52931803
28398645 17186013
64203035 83029673
36290139 79477096
56712918 55682308
94212353 9985217
51914393 79732864
23151361 19938823
50046810 64793571
40796107 20234508
71444374 85110256
44462402 17771307
88480795 89417455
8860102 76501366
761890 23654616
80881534 87542877
67891206 52241188
69258381 88005834
56468162 66361112
23063941 22737698
13400341 28951559
69524653 23309589
95170668 35626977
7640756 18203639
48586605 79489032
75053176 65570174
31975743 21382432
15681043 88694553
41613855 90209717
92946112 12805277
594730 55940286
94686338 68447265
29021875 52497514
61542169 24151645
19150850 13570321
15390642 17200343
909357 74183823
85328627 11689013
23859560 85747033
75823264 17868471
1527756 46907635
87194731 99431965
54501582 1592056
83595968 42320060
75151661 92723351
48200708 27958253
88890369 43248876
20240636 82551901
90751526 16452518
90387389 99705854
78692881 7122281
88602643 34665175
92761612 8554035
86505751 39317773
20401986 19378242
1453862 57511736
62360345 93781614
94265519 5336401
25973493 18818889
95946916 85498491
29904070 73876199
76774466 12761223
67922583 58424586
19283759 67029078
3156539 50988041
22318374 19027054
19670952 57711286
1803700 69079110
69438965 28538693
15008666 28574285
69712648 48082203
49105466 35115000
37528251 35202062
19540657 86844030
30222530 96432292
21682430 96156522
33536232 83064049
92482623 44626192
66028104 43390482
74004797 7205096
75640960 66307692
13421971 79644969
18390999 21108255
60348684 25591050
90397653 6162451
95999542 25472606
78949925 93691636
45969258 27878600
42533489 62507596
53565875 75172009
14456714 77594106
11627755 89248012
73933004 85247648
69667361 52834717
93945941 97394168
87938254 31093266
14695022 28930504
20105361 32571464
46078712 6924642
68774918 89142376
99465550 40924252
25717940 53782493
61396148 51589341
55305896 54810741
74079484 18251617
47692907 92716665
29686239 32152272
61844552 71599322
25717588 57798709
77180992 29483332
19346620 82652907
15462951 95444738
98976765 51761172
60682342 39037684
34822393 96326990
36395956 8839316
17407859 57347869
64837671 11207579
55503367 92223879
96713300 67086834
11323694 43725107
26165177 88757636
38883393 7071487
69445605 75004336
85169530 3775627
19719816 61348813
87872807 88855663
76800654 52237621
34934232 43287128
88929124 74208830
19428907 86103202
95929599 42514952
21540014 12724837
3306301 70588138
9031207 12329891
43321485 86139879
10577998 71501489
45514802 64073112
78482419 12946722
12985650 67085385
27089860 83974090
7027400 85008611
80595844 48854360
7217839 95564249
28410856 44824553
16786206 96649044
47754612 82497648
76695976 1702039
66539951 47859120
74604672 82065350
83662634 31486798
13222375 30778301
55297710 64319513
92027077 9933477
73847883 16618841
81385765 56735103
20601233 63455169
25202958 92983631
68456864 11629067
68895022 6705604
33103212 88101130
68648382 12398560
73078201 4044134
62066391 97744019
83280379 32863017
38904792 17194789
6286471 52716661
48507887 72884954
38879283 88456055
77232351 49831048
2814109 80036075
65652119 70099595
84548733 78570190
73474277 4068246
32197830 87533989
14495721 35212952
83293978 98521129
23827801 18537483
48348654 66322517
9359462 362678
4471292 68850336
98421992 48995213
59117522 94657509
19375325 69025388
24769242 87579414
41404035 38748722
39681015 44411509
750671 29332924
77088589 23597532
24004490 71801046
64417602 62701776
38503813 19871801
73790459 76408544
54124041 50440748
69752026 67287971
98854207 91647291
61419858 11085541
22896222 30396867
31060181 77894480
88822445 83990247
52353602 23570815
91914041 96884918
14656074 10703294
43405309 92586640
21045780 29189965
11151777 40014960
12321662 3530222
46167174 38503505
6904370 23191191
12173435 41335346
85025397 67378054
43883076 89882724
66129639 51671813
58193920 86392608
54911463 60836681
81532546 85630921
72506683 55879477
75862111 79792500
1553 27432940
31477447 22475
92241823 17079660
35417774 43993005
11319092 39654162
53862615 60951577
42774060 39217587
56264446 19042736
79127653 90410607
3640847 89076005
26042888 14325289
88922277 23700367
70525707 93147882
22944407 99694976
64183415 81262551
881644 31256648
7234959 68968997
80062820 70862491
26585838 70998045
26126140 77192473
48236026 96141665
2214054 94207999
3991259 14373528
95920048 26527475
20125802 38297948
43379646 6249013
34204241 90377504
7148615 29776218
99743074 63838749
23523613 92684047
55166974 15447747
36423390 5671012
93112979 80008274
42228345 93009736
52602473 59421648
45238880 79595534
21694743 69195793
68000527 50682864
23329380 81747131
74636949 99871996
34279222 66515437
51336377 67347514
47949229 37695542
8908766 87454051
97162953 62320491
61429908 47784168
37063729 30875789
22372039 24677334
76342245 42035336
52373211 46135873
16012701 78921881
34847435 7921119
97263206 40013065
61737190 25742297
31082193 18980703
3508027 69596705
92118193 37174609
16544415 72548595
48960324 53768868
76159910 6634262
34923083 12393578
