77 1656
259297 307552
449516 326085
230588 891490
683234 550465
581926 475875
751383 195684
89470 285945
962199 473220
505708 736908
570202 341109
797119 642168
820017 102140
481928 639893
205416 178513
291525 191815
673573 508980
300818 173598
215046 540232
101857 221249
744093 970607
530490 374976
479203 974834
761527 330039
845791 791027
660811 408320
327552 742993
144974 900012
651640 361883
411574 19058
994515 138770
308060 127140
208734 390813
707066 919073
383357 91888
597620 438773
530462 781556
766191 671628
399409 601377
882407 949646
496075 205863
242171 524527
640366 289091
93278 705837
744047 290663
581953 956152
841040 477806
231746 101191
153795 571102
471478 634077
381996 782362
965557 722414
935797 659910
46704 133446
881508 495355
994542 677047
884656 581852
583005 728882
276366 100276
37435 33728
138793 863784
677295 917174
82967 29898
197567 229287
862856 933905
627382 668076
300822 60941
889405 514332
787946 549225
991181 467243
727387 532936
90199 119837
761253 604305
40138 732198
918515 968684
965334 21418
743 257186
257215 886289
