60
2 10
2 4
9 9
10 10
3 7
1 2
3 4
6 8
10 6
3 7
74 5
65 94
5 92
92 67
64 33
51 34
70 98
86 35
68 56
83 51
4 54
258 643
315 693
994 526
603 147
646 526
927 517
334 24
294 329
70 466
2904 5181
5099 516
8297 6519
1835 1523
6373 5112
7517 8526
9597 1600
9209 5140
3229 6742
2426 8446
82373 30289
47188 59700
46740 34708
26048 96078
4828 93632
82087 94402
31211 41410
58470 71495
98702 85563
17204 47056
998209 267685
182206 511044
491033 265959
844709 819222
816161 928764
770532 248351
110921 438131
238529 714784
533174 3104
951675 799233
