60
7 10
8 9
6 8
2 4
7 8
5 1
4 8
3 9
10 4
3 4
19 29
14 35
17 90
44 81
81 71
31 76
14 27
58 63
51 42
73 52
152 374
151 95
635 603
890 198
89 433
265 443
962 145
846 83
969 369
678 124
9389 9360
2853 1907
1792 8387
1913 8968
2677 9225
7268 8738
6534 4176
3724 442
1541 5424
2480 4452
14800 47824
74920 29173
71140 94824
61504 2949
4956 57628
39641 10453
13266 98451
28768 11644
90068 27187
84726 68457
166762 880885
804312 457786
667687 240283
56346 144148
552988 37833
264876 984578
238376 472959
543136 677003
799845 955150
576466 247311
