5
120 3698961114
70356526 163348254 23899673 33929836 33322457 55419949 36618348 43676293 90906254 70440487 141420066 186658586 45317507 28784214 157759078 192512007 48774520 106858112 22182402 136810976 154290437 89736534 7463996 162568926 24186472 102756209 104288476 7074775 58831929 50246374 135798396 20867634 109907755 198115829 182662117 141991146 188907896 65985501 103408376 56782822 142958981 21183877 113644749 48677876 138260036 195125333 48297979 23603403 82329578 128270827 12038677 128733726 37766682 112938077 60461105 114302317 166463840 73682930 23832725 20227933 168369137 168984643 196174632 22930399 65 44858351 160258570 95780748 93985288 132547997 85661224 106117487 62077763 123087929 20035340 98446245 87915560 170102973 141612845 155818021 142101032 2475836 118079587 119728246 18314358 175411285 16645299 73266743 97947130 49411336 92653658 104915007 157097833 8874878 67333405 183725824 186605491 98 135460515 134239026 36982112 165830421 34061393 101568174 68987738 116402214 22746818 103243461 78430818 61732841 47730436 126399260 38698030 43835633 119006381 116 134142218 56073410 80166142 116859543 
170 2177486282
1 102290124 116704485 183720829 67996235 134826101 132166179 19041166 101147048 107733984 123258867 12 184373909 74675050 107362857 54041195 4590146 33365355 91220683 163923098 21 27315226 59592391 116750242 25 84284803 18441583 28 171544697 97860631 158683348 67568927 154233691 40407027 30897435 157046039 25347109 6551352 48942079 27081687 47224235 38299751 82126463 15364835 36856944 130573418 47866714 20948602 18215999 129972338 176587604 100631107 32629056 129436453 109929517 198924434 115806832 145816035 59 26543395 19985955 46377068 135751748 176112659 98380376 127948382 137496180 111323546 120838953 5555140 144950084 72 47270822 94016035 110058378 124835266 80606666 60508096 124051945 21581595 50893124 75969799 143705332 27289397 92380229 72014469 108347094 132013478 167074129 18727911 196415551 30898707 130101641 172396743 95 72880526 55419849 170326552 69103580 183138817 169812345 166338410 55695206 131051908 18428330 194080864 60222188 22736855 56450982 164204503 20499967 166855420 194366067 103733865 141679757 169192365 121751463 13263587 20439177 120 136682168 111553910 18196716 33812147 87714332 155939437 125890633 161505208 10342923 123664725 131 139776167 167562561 66868925 101631499 16641395 153918907 93484701 109893606 171536889 64531793 126097328 154825855 89805503 74319338 126656193 39345491 149203834 183670453 135495558 62824049 45216081 25084597 147159344 78831561 156 97286508 160188267 16400309 123954201 95365007 155428249 10556445 26315616 3310921 6605754 41812085 168 103394116 20141820 
195 3543076636
35642795 177941312 5636479 112851710 62320572 49657195 39696968 8 28979480 10 11 80408211 110445614 157788070 95574234 76536344 67855530 97014697 106353737 161574136 60635210 12104900 71268997 125077645 65940593 21300657 63943750 19137377 99136341 78311800 159063885 158107484 185186354 186553635 62041337 92749105 6712606 72696584 158040783 153289986 54679839 17582019 9682650 178376968 36147372 142073775 4656008 19530656 136946646 127992314 73380772 125512691 28551205 124895558 122208431 22159132 119525545 717073 46526696 43083517 180099586 52684275 60580511 64 26225921 25053165 153710631 181341288 69 97437275 15345676 72 161188552 66151910 110052365 41031613 77 7223409 67854776 82460452 29237987 10933650 83 107653884 16584212 182551435 95884486 19642804 197480424 578125 42175888 108498071 87744746 57575685 105389605 55482391 73475564 44497654 58763015 38163559 166149495 143386977 17844096 65041901 139229973 161757815 187695587 163981813 137473336 88831493 19348878 109101046 67889913 26993150 179443373 16063226 117 148336923 126222962 133065863 151386698 15426733 123 88291595 7326059 148871667 25652913 117061485 43664625 148711796 181242004 153901232 117974815 120138009 88569906 94155877 95600991 36444 82883626 110001310 15535530 194444722 112319370 76438438 10514723 158666378 164632558 166923425 75043005 60230513 89414021 152 172469985 183849176 87327743 123104663 96852782 60538306 21748840 544295 32192787 195991779 184305707 145828231 133127759 122352609 111129253 107406678 71185485 195397554 32218353 57515059 197212947 50022246 75327490 138069878 118553578 93670873 11517530 6574864 11339362 134848904 1236020 5052258 68309367 181129147 184258263 102162504 77717883 34804307 159590156 181855166 68593146 124677809 172895862 
4 265848253
127001577 2 123059716 123398232 
11 478774656
1 6142913 180732569 117387049 121252998 15409271 148857913 67903686 9 3522359 11 
