984 18
0 0 3009
433 937 121
614 108 1795
555 223 6456
114 848 9637
99 296 578
49 637 4342
985 886 1469
557 833 1589
448 809 8367
431 308 2290
903 93 5299
49 60 1588
505 967 1696
141 433 3272
718 885 4120
411 934 5769
231 271 8407
171 181 1292
538 629 8477
827 412 638
477 316 5947
416 365 7392
464 870 452
735 363 772
854 433 7205
974 196 9091
380 428 7376
23 599 1648
500 489 829
489 669 7810
787 146 4222
179 563 6538
982 27 2904
753 114 6126
958 320 9490
47 295 6275
775 675 4472
774 50 1900
602 902 2851
763 392 9341
984 179 10
874 358 156
129 693 4071
254 446 3450
95 756 7916
370 156 5237
841 931 7532
92 705 9559
942 659 2609
282 422 1513
291 406 3256
799 280 7435
221 761 4146
23 16 3839
938 111 3637
174 833 4394
57 674 1550
615 118 2481
224 61 5186
87 695 3197
342 339 1619
128 490 7377
273 711 7010
463 86 9771
100 25 1787
493 551 5251
42 609 84
522 576 7111
59 800 8229
255 239 2642
225 933 3338
601 62 6677
610 687 9167
733 151 1230
871 251 6317
121 96 8695
557 138 3597
19 12 8558
599 423 3135
241 678 6287
930 255 9527
958 856 2460
124 819 8875
705 552 6562
373 775 5713
418 249 6316
15 806 6412
572 177 3902
58 776 4915
345 369 7337
223 299 4367
34 609 3974
908 733 830
821 791 1001
533 164 7905
200 583 9681
611 950 7930
512 874 9088
777 933 265
465 630 2393
183 205 1763
156 239 4414
985 499 7024
338 672 5109
242 205 6252
274 757 417
555 368 5352
642 232 8302
258 361 4177
3 826 2461
117 9 9443
530 165 4648
905 503 3241
366 193 4091
969 787 3764
385 62 4321
88 969 2079
741 964 9799
269 222 1384
729 577 1745
172 694 924
171 577 6933
410 834 6451
501 200 307
616 170 9499
936 907 8286
14 348 2701
165 89 670
548 710 7634
644 792 208
567 316 786
500 487 3832
302 898 7409
607 751 1244
457 719 6796
742 655 318
794 22 8578
463 187 6926
448 87 6367
7 731 1078
144 299 9870
976 151 2186
384 805 9025
979 412 7275
775 869 1027
444 963 3097
21 757 8753
946 572 2775
665 372 1315
742 380 5753
963 524 1484
500 852 2135
524 589 4638
799 568 5443
176 695 1207
273 140 1428
377 161 4393
503 460 5501
168 125 5426
920 219 1798
755 534 1178
890 34 7055
527 910 6907
322 709 848
528 238 7417
956 863 6112
699 240 3604
199 95 5766
976 263 2226
774 183 5703
951 938 922
357 180 6808
616 60 2842
463 382 752
231 910 7814
695 218 1405
298 917 4619
63 469 9859
640 445 5306
342 219 9569
615 523 4753
422 232 5042
615 848 6223
719 664 9283
884 895 6017
287 942 4927
257 241 146
467 304 2415
772 297 884
340 991 3682
443 607 6253
484 381 6128
58 349 361
692 68 8561
708 304 1577
635 943 6825
132 200 6767
546 667 5008
782 439 3665
815 779 4962
67 574 953
195 58 8912
907 469 5646
467 161 3995
44 222 7415
868 209 3719
634 341 7014
994 239 9214
658 373 2881
619 188 9672
923 256 2803
187 803 3377
832 710 2787
178 177 7256
944 573 8770
14 793 6992
27 780 3201
240 774 3894
472 432 5133
143 403 6859
945 326 47
673 513 3655
459 697 7458
67 875 8168
188 819 698
531 833 271
731 860 6417
976 452 3197
460 924 1971
318 419 6403
717 716 7806
371 389 3484
829 201 2350
348 620 47
397 808 3275
20 339 9446
436 422 2280
632 398 1492
602 858 6297
356 529 9573
513 246 993
996 617 9709
697 798 5451
744 499 1004
370 896 3624
815 916 8432
446 352 5123
290 984 545
586 938 1295
158 294 2505
502 807 1034
563 156 9632
13 853 5602
16 949 6400
991 671 9251
422 487 2148
544 933 4416
440 575 6121
734 161 4105
238 672 9397
624 174 5690
255 737 9850
856 750 9006
608 118 8211
858 109 7513
357 883 184
773 779 5671
893 219 8957
349 305 1532
744 896 6046
786 520 5718
635 127 7892
992 336 8630
554 944 9732
66 154 2203
250 864 9664
272 637 548
580 882 2679
464 583 3899
861 680 4556
578 818 4452
821 453 7324
450 797 2804
534 351 140
736 770 8436
399 372 590
298 644 1454
977 577 5443
227 393 8677
134 254 1613
586 832 7293
261 653 4111
64 456 1916
555 990 6065
990 78 8416
932 829 9186
385 128 8558
180 457 8555
856 684 4484
820 818 7877
464 756 1131
926 370 6315
841 786 1320
905 342 4776
673 332 9118
210 264 6548
120 2 379
674 534 3858
157 742 3315
385 563 5351
867 27 8169
181 954 5278
500 147 7648
628 405 4434
97 430 2128
645 640 2813
374 760 3429
231 786 5431
545 295 6965
247 680 6708
415 547 2623
44 80 5650
691 933 8956
477 561 8104
604 10 1861
768 655 2291
197 29 4931
627 612 1045
944 509 2830
3 756 1126
977 524 158
626 568 1058
934 612 138
389 441 5071
249 397 6985
539 166 1347
821 363 2002
864 342 8384
694 638 7996
171 993 506
328 970 7615
385 949 1138
523 883 9059
945 272 2671
281 873 5464
627 412 6861
980 233 6027
363 450 2742
711 144 6085
568 667 2075
181 995 1069
671 381 2039
729 256 6988
399 553 4871
862 186 6495
74 813 7368
453 146 6132
194 509 7718
630 572 3169
705 492 1664
773 674 4331
811 345 1326
799 426 59
21 177 4315
868 391 8221
235 465 2407
719 918 4573
436 113 6719
603 743 3580
266 448 3153
596 573 8645
921 385 7671
980 536 1369
646 909 8794
866 777 8971
625 365 3714
197 84 7180
915 520 8098
494 475 5563
998 741 9307
995 337 4107
17 610 4681
385 590 9418
530 589 5306
853 807 3567
566 432 697
97 629 4062
195 896 2498
757 743 7370
415 741 1845
874 88 7586
906 106 5275
675 843 9885
980 725 7828
546 930 9769
242 849 7576
655 946 9
504 141 7990
873 251 8239
69 666 7982
6 892 3075
280 798 8516
517 473 5622
696 453 4817
464 352 8542
39 946 4825
399 602 4674
741 458 1621
979 332 3763
312 401 9365
386 760 5031
901 40 3925
874 909 7075
690 605 7548
584 69 3353
408 461 1705
433 860 6004
52 953 3958
165 932 4416
529 244 4748
912 983 9502
187 884 6262
260 111 6654
807 153 564
160 737 2169
216 497 7591
219 930 8052
176 335 6265
944 500 218
691 382 4502
544 294 7099
157 481 7435
811 93 7670
726 901 9781
246 413 4935
188 981 8024
239 553 3874
855 81 7156
424 25 9491
277 69 7345
727 965 3727
160 123 6373
830 286 2853
962 364 2946
248 610 4199
272 799 9964
145 390 1946
652 597 8851
143 21 8284
838 651 8310
563 378 2731
934 539 4696
138 721 6819
435 35 8457
986 284 3821
949 556 7784
246 53 7935
96 705 2325
732 200 6275
41 38 7296
771 953 5299
818 239 4678
637 377 5569
93 165 5642
266 151 4677
49 100 3961
983 347 7869
659 795 3922
933 527 1981
229 920 5180
527 43 7219
556 862 4524
124 851 764
117 944 5141
794 562 3306
106 611 9457
975 594 9910
248 254 6609
227 187 4756
759 768 2636
329 648 8556
852 556 7952
615 33 2814
108 150 2665
765 944 5961
574 403 2876
483 730 8487
443 978 7082
198 558 3688
833 669 8227
741 998 4348
44 202 996
857 170 5552
873 278 3585
185 395 7088
60 969 4384
899 804 5787
332 247 5517
19 798 3848
597 631 6406
944 724 7427
939 768 1425
843 977 1979
779 202 7149
866 740 8427
250 800 8175
388 51 3144
905 383 5949
752 402 9548
509 0 2346
935 944 3331
711 236 1054
689 431 6175
838 210 5152
616 429 9707
790 31 9447
286 419 3599
586 676 651
133 780 4034
831 289 3789
160 576 8141
565 639 1437
91 329 4673
595 519 2456
301 487 5667
747 630 448
345 916 8479
995 502 8250
29 987 8927
169 818 707
309 330 6349
745 248 6925
418 691 2917
873 286 3598
891 587 6117
690 686 1604
168 384 8234
418 379 5502
344 760 3004
402 929 9344
750 590 514
27 336 6197
943 106 7445
540 331 3136
8 575 4775
963 265 5714
549 434 5401
50 204 3785
406 900 1516
749 302 2629
614 405 910
810 432 4501
254 727 1189
742 619 9295
868 627 7626
581 590 4553
333 139 7819
469 542 8605
985 948 5161
965 49 61
874 663 6715
726 474 1472
914 80 4904
560 174 8983
538 42 4602
90 976 4229
260 309 2172
864 779 6663
24 116 3205
436 81 7505
503 307 2554
974 386 1570
230 300 8044
212 213 8476
166 751 6003
746 193 5397
917 454 2373
580 318 8683
136 695 814
641 131 3930
194 634 3363
115 961 3670
158 191 2056
986 755 9709
988 921 5923
384 668 1025
109 937 3218
143 517 6672
956 654 6343
885 647 1038
247 841 3521
268 957 4156
676 467 3469
766 657 3660
688 681 8146
708 898 2883
645 922 9992
515 264 2135
169 301 5091
816 821 8328
9 328 4927
318 148 1547
138 807 223
295 926 8607
441 614 9264
323 674 7297
666 319 2197
152 834 118
242 355 734
921 523 6035
199 885 1208
745 203 6889
968 693 6037
926 989 5197
190 782 7123
486 105 8089
33 123 5763
502 275 434
235 869 2621
621 142 8976
181 341 2500
421 86 8737
809 406 1940
5 333 2986
479 875 7975
919 361 4109
33 747 1567
819 249 6689
439 837 7964
414 458 3185
265 991 4327
1 412 2668
293 222 6106
278 579 8513
604 411 4846
64 682 7073
629 716 9786
317 535 1533
632 326 5135
816 740 4972
142 358 9782
161 359 775
618 4 7538
130 634 9760
327 590 1693
399 654 4103
537 283 4137
69 600 1205
203 584 2092
526 400 9418
660 894 2159
785 407 1869
322 26 4580
434 508 8585
125 188 9571
579 939 9163
715 476 4168
920 898 3452
11 453 6404
429 980 989
939 640 6741
159 425 7988
738 99 7395
674 533 3773
245 10 5635
758 589 7822
925 657 113
728 577 9590
132 940 488
472 721 7941
564 12 3273
551 171 6265
298 910 4042
70 936 4142
55 181 9027
876 291 4038
989 217 9627
930 945 2636
769 429 5213
61 253 8506
334 818 9227
950 369 2240
992 19 5763
485 442 8025
511 497 3962
548 374 3143
527 715 7435
162 997 1004
727 766 7301
232 827 9083
810 513 7336
401 464 5154
516 456 6877
540 293 9895
501 804 4337
996 705 2187
782 584 4913
785 98 2629
437 825 3977
519 409 6743
855 572 7922
8 973 4436
235 489 5252
130 382 8060
818 883 3353
4 879 6509
916 661 5214
895 798 8150
871 236 5249
965 755 8074
887 610 7836
674 971 7408
925 206 1733
984 688 6575
336 859 9957
844 215 5840
410 484 73
911 379 3733
159 603 532
585 920 7768
420 807 875
179 833 4486
911 758 2809
837 94 6367
793 430 1408
985 627 2267
56 389 3835
140 300 8318
671 812 1050
790 397 6005
17 169 9925
502 348 7085
662 611 1918
28 449 9677
435 594 4771
53 579 554
887 987 3533
556 128 5275
605 151 7574
609 294 8386
534 311 2135
618 165 304
887 827 6652
563 207 9264
686 995 1065
591 48 5659
123 287 1591
396 844 8930
321 449 5059
59 411 9562
193 945 208
849 915 1519
500 802 7036
115 718 3215
179 756 6422
190 347 4417
132 822 5818
61 570 8105
471 891 5949
32 302 399
591 496 163
109 345 2459
496 197 4375
710 665 528
131 196 598
900 386 9354
717 518 53
173 932 9875
122 403 445
872 787 5689
33 378 3991
491 839 3839
216 335 5536
95 45 2086
693 528 2751
398 780 4947
451 849 4334
325 23 5204
122 145 136
810 369 6891
800 402 8678
991 245 8408
526 813 1247
963 908 6934
713 601 2331
660 0 3860
345 803 4992
900 128 8842
388 250 9865
278 412 362
308 213 731
715 556 7485
314 434 6730
247 398 1895
578 111 803
789 123 6757
780 468 9109
621 369 7912
837 757 9392
198 387 7643
928 47 1055
764 763 3620
845 429 5528
739 676 5963
542 606 9713
650 747 6824
758 528 1300
21 501 4768
412 339 1489
406 889 1598
461 818 8338
432 934 385
960 780 2500
274 519 5929
986 61 3958
161 63 2564
460 821 8312
580 194 6193
420 607 8693
18 13 8384
707 826 9274
91 611 8444
591 923 3378
519 197 7158
476 535 1678
392 48 4091
55 509 7507
598 441 8328
642 861 3523
26 231 2482
651 938 6495
446 30 5674
823 973 7285
333 492 9560
362 321 2109
804 65 4645
310 472 6692
990 70 9553
512 64 4346
345 442 6208
191 93 5791
864 539 8731
500 715 8112
59 48 85
167 762 6929
162 566 6250
206 877 9667
110 867 5491
456 731 3561
15 76 7978
805 267 4420
534 484 8515
997 336 1405
81 748 6472
362 267 872
611 430 2634
630 988 2201
120 98 7078
33 554 8297
10 569 3028
429 375 6456
294 261 5075
51 611 911
522 692 1248
394 54 1996
27 18 1615
227 0 2045
656 120 9033
304 505 2132
331 515 2038
138 297 8608
213 943 335
123 994 5948
722 517 3559
69 263 9604
684 290 1010
80 870 380
113 878 7381
596 183 3853
985 866 3358
944 5 226
630 570 8875
578 45 7818
488 768 4813
2681 9091 190
5944 101 7874
7234 480 3955
1456 4212 5420
5687 8064 5368
1870 7773 7353
2088 7998 4298
6445 6872 7928
15 1042 3858
61 5854 3347
4181 8535 8790
4370 4479 8891
8596 8065 5725
8902 5874 6288
4321 1561 4352
6040 9783 8477
3392 1871 2828
4041 8317 6052
8321 4684 7094
8530 1097 2948
1876 1630 7835
666 2353 2314
5908 949 6733
7983 9851 2606
4270 524 4167
4973 2916 3950
3450 2660 2173
6277 6702 6842
2328 1375 1527
9422 9905 2624
8721 8134 4255
6556 5152 2960
5221 7412 3909
1952 5396 112
4557 6018 6988
5075 992 9904
5376 794 2564
3901 7071 5618
742 5751 6993
2268 1525 3251
1244 247 7737
1850 3155 2889
4809 8376 6653
5069 329 2049
5180 1238 4420
2167 2666 5412
2070 4394 6206
985 8295 9629
6603 9038 5380
9947 7658 3259
3197 8902 3505
7285 7104 6661
6525 1913 1388
3178 3334 1717
1578 8514 9308
5997 7033 8326
7760 5455 2720
317 6441 1016
9945 3044 55
1677 2991 7712
4934 2541 2967
4790 6178 71
7801 2704 8337
9188 5882 1671
7257 7460 6538
2916 9810 3571
1241 7570 5379
3960 4240 1820
1327 4185 1216
7732 2214 559
5444 3500 9452
4762 8290 5631
4832 2443 8335
9520 7984 569
7543 1593 4381
432 4509 4191
4002 2102 8114
5732 2414 2354
3903 3742 2891
5118 1474 5106
2029 3270 4958
1480 8032 9601
7110 9217 2044
1796 5089 6380
2364 8984 7973
6745 9416 2482
7287 9771 937
5400 5503 3351
4105 9407 3445
6996 877 1271
8453 2906 4542
3410 4387 8926
3010 7849 4495
1406 9646 5937
7785 2010 4921
2110 5107 4339
4591 2395 4109
1879 4147 5964
5229 4605 5371
